0.18376
1.4772
1.3751
0.56187
-0.77621
0.63601
-0.36329
1.7869
-0.65111
0.56259
1.2912
-0.77765
1.1856
0.91627
-0.038419
0.44792
1.7979
2.1695
1.7645
1.0963
1.5719
0.83943
0.17108
-0.74255
0.61503
-2.8457
-2.4459
1.1273
-0.56718
-1.7285
0.94769
-1.1019
-0.068479
-1.0209
-0.92101
-0.58672
-0.74833
0.8594
1.7669
-1.6104
0.44098
1.0029
2.1214
-1.5186
0.46143
-1.4387
-0.24756
0.80777
-0.13951
0.62788
-0.32497
-0.6195
1.141
2.4067
-0.48093
0.059287
-1.5428
0.67482
-0.36901
0.37711
-0.20716
2.1903
1.4862
0.32905
0.29278
0.83429
-1.3097
0.34987
-0.9829
1.1758
1.7741
-0.42057
1.5653
-1.0571
-0.42768
-0.6997
-1.1262
-0.006937
0.89616
0.71634
0.3834
0.21301
-1.047
-0.75557
0.49422
-2.1199
0.033811
1.1765
-0.15125
-1.3017
-0.63653
0.91774
-0.28424
-0.91256
0.43257
-0.51272
0.85141
-1.3791
-0.94402
-0.47497
-0.41647
-1.3868
-0.73192
-2.1862
0.86049
0.15158
-0.98786
-0.62427
-1.458
-0.54124
1.1328
-1.0501
-0.11936
0.90454
1.1346
-0.30156
0.080387
0.68711
-0.31982
-1.8087
0.10869
0.45329
0.46502
0.28266
1.0795
0.19492
-0.24935
0.64644
0.98389
-0.058322
0.35442
2.1511
-0.55986
0.46202
-0.57446
0.042487
0.95488
-0.53817
1.2186
-0.065385
1.8003
-1.2045
0.44447
1.6583
-0.38873
-0.29245
-1.0736
-2.6665
-0.14809
1.888
0.73911
-1.2546
0.52212
0.27039
-0.24855
-0.070217
0.24224
0.51576
0.50148
0.29707
0.018262
-1.1203
0.4318
-0.65989
0.49512
0.99213
-0.81857
-1.9442
-0.34759
-0.27414
1.5229
-0.71633
0.1923
0.40234
0.67228
2.2285
1.5793
-0.44078
-1.9389
-2.1212
-0.12864
-0.31636
-1.3165
-0.41499
1.7247
-1.0222
0.66811
-0.48118
1.5287
0.33791
-0.89763
-1.1232
0.23687
0.3182
-1.2032
-1.4162
-0.40764
-0.025691
0.14612
-1.1232
-1.704
-1.2018
-2.1636
-0.62659
4.4585
4.4358
3.2863
2.2922
3.1059
4.1338
2.5807
3.3009
3.2072
5.3694
3.9443
1.0743
1.3752
2.581
3.3887
2.456
4.0168
3.2701
5.1397
3.2088
4.8071
3.5989
5.1018
3.0296
3.7022
2.7873
6.3848
3.0546
4.2819
3.5979
3.6808
6.2148
6.2481
4.2628
3.8831
3.4489
2.4839
4.6393
4.7495
4.1387
5.672
4.0984
3.7847
4.3994
4.6533
3.3135
5.0051
4.3031
4.0816
4.172
3.491
4.597
2.9417
4.2477
4.6796
4.9529
4.3187
4.4957
4.4304
4.0476
2.9734
4.9291
-2.9588
-0.98218
-0.21237
0.58832
-0.80794
-0.83076
0.15246
-1.2207
-1.8423
-0.66605
-0.63289
-2.3478
-0.21201
-3.3685
-0.7221
-2.8802
-2.2465
-0.49774
-0.54338
-0.88931
1.3417
0.14706
-0.19073
-0.94572
-0.29486
-1.044
-1.5469
-0.13946
-1.9663
-0.93419
-1.2242
-1.9068
-1.7369
-0.51114
-0.54173
-1.0729
-3.0326
-0.20458
-0.64642
-1.0051
-1.7771
1.764
3.0249
4.0537
2.5605
3.9551
1.9166
1.0559
2.8619
2.4277
2.7227
2.7744
2.3393
1.559
1.9265
2.2592
2.8864
3.1068
0.84834
3.269
2.0201
0.88319
2.6778
-0.33584
4.1632
2.1409
0.39417
-0.63886
1.2096
2.2095
5.2163
2.1845
0.8644
1.5271
3.812
0.69153
-0.36262
1.639
2.1339
3.5657
1.3499
2.523
3.1283
3.3216
3.2126
2.2565
2.5326
0.64025
-0.89535
2.655
3.3938
1.425
2.2961
2.297
2.6336
0.58653
3.1068
0.97922
1.1935
1.5792
3.1473
3.7079
3.9243
0.16709
3.0033
2.3928
2.4486
2.2477
3.4292
3.4431
1.7404
2.2336
1.2415
2.6223
2.5395
2.1415
2.206
1.1807
4.1382
1.2621
2.9505
1.2132
1.5576
0.7908
2.8613
3.1537
1.234
1.0988
2.7613
1.6078
1.3007
4.1955
2.818
1.5631
0.16908
1.7187
1.0144
2.3719
2.7162
1.6471
2.4558
1.5341
2.8687
2.3532
3.6348
3.7202
2.0729
0.86067
2.883
2.4159
4.2269
-0.47498
0.51623
4.4893
0.97995
-0.24746
1.6014
2.3655
2.3045
1.4806
3.2131
1.876
2.025
1.8488
1.5964
3.3295
3.0496
2.685
3.1636
3.2119
0.28486
0.50172
4.7455
4.026
2.7303
3.2325
2.1906
1.6816
1.4418
0.4302
1.584
2.3434
3.6652
0.17984
3.5782
0.48602
3.2061
1.336
0.84287
4.6032
3.2016
1.7404
3.37
1.8015
2.8068
1.9558
3.1417
2.7136
3.1045
1.8901
4.6459
1.8492
2.0167
2.435
1.08
-2.3033
-1.9317
-1.4983
-1.1513
-2.8321
-1.7409
-2.8686
-3.1124
-0.81767
-1.4528
-0.9787
-4.3474
-4.1562
-2.3388
-2.087
-1.7716
-3.3006
-0.41162
-2.19
-2.0146
-4.3138
-1.6972
-0.86166
-1.6807
-2.1931
-1.4796
-1.5818
-1.2165
-1.3631
-2.1278
-2.2085
-2.9828
-1.4272
-1.9087
-1.1499
-1.8038
-2.3757
-0.58201
-1.4694
-1.8634
1.9616
4.0672
3.9677
4.2205
2.9365
1.3929
1.7744
2.6219
-1.0877
1.7562
3.3362
4.1713
2.5348
2.2094
2.7181
3.0907
3.8693
1.8587
2.2208
4.305
2.9182
3.4197
4.4523
3.9576
3.8683
1.5621
3.2387
2.0758
4.0876
2.4806
5.1592
2.8334
2.0435
2.3448
2.1335
1.561
2.8709
3.7636
4.1995
0.69189
2.4689
3.1861
3.6952
2.7385
1.2935
2.5149
5.4605
2.503
3.3444
3.1169
3.0323
2.9679
2.3081
3.1458
3.5376
2.2745
2.8185
2.273
4.7782
2.2535
2.3457
3.2244
3.5312
4.0095
2.7588
2.1426
1.1558
3.3654
2.9565
2.5955
1.3203
2.8123
4.3587
2.1747
3.5657
2.8802
1.8255
-0.31252
1.45
2.3358
2.0369
2.2316
3.1353
3.5088
2.0651
3.169
4.1733
3.3481
2.9739
3.7571
2.3741
2.2516
2.7314
3.6468
3.109
3.3079
3.5484
3.8579
4.0268
0.86942
3.0422
2.5674
2.0519
4.6345
4.4031
4.181
4.4758
1.8937
2.7344
3.8923
1.8208
1.9911
3.7718
4.7372
3.2549
0.53604
2.9498
2.8538
2.3054
2.621
1.9604
2.4528
2.9436
2.046
0.5117
3.9247
3.2163
2.4324
1.7597
6.1948
2.6391
1.9288
2.7142
1.528
1.9526
3.3887
1.7005
4.4164
5.0893
3.7766
3.4141
2.5877
3.7895
3.8386
1.1299
1.731
3.7689
1.0586
2.9647
2.5559
4.2344
3.2171
3.2957
2.3126
3.8028
3.7313
4.1234
4.3306
3.5013
3.682
2.1975
2.5898
3.9235
4.5336
2.145
2.9472
2.0982
2.0573
4.3797
2.5865
3.2035
3.3727
2.2843
4.6279
0.49295
1.4987
4.2878
2.349
2.7537
3.773
3.8826
5.062
2.8382
4.0222
2.9995
4.1252
3.8961
1.2096
4.9041
1.7892
2.2481
4.2688
3.4789
2.5374
2.3826
2.5669
2.6585
3.0101
3.102
2.456
4.3999
3.7029
1.8679
1.2415
1.7086
2.0553
5.4591
2.8871
1.3257
2.511
3.098
3.5465
1.9411
1.4955
3.633
3.15
2.5241
3.9405
2.3353
2.4611
3.9164
1.144
3.3215
4.4672
4.4491
2.7046
3.1208
2.9022
3.5919
3.7192
1.3832
3.1512
3.3624
4.5206
2.6016
2.2436
4.0549
5.1718
3.2465
3.7844
2.7353
2.5393
3.9397
3.6
0.62437
1.8448
3.3392
4.2097
5.1589
1.9524
1.8881
2.4161
2.8185
1.9414
3.2308
2.1128
3.1513
3.2156
1.7722
4.0321
1.9638
0.84497
1.9116
4.2609
2.2387
4.7656
2.1816
3.1777
3.4448
3.4182
2.0448
5.15
2.9729
2.368
3.0862
3.1348
3.0143
3.441
2.1804
3.2542
3.1958
2.2739
3.612
3.3276
2.5382
5.435
3.7402
2.9631
3.0175
4.0592
2.2387
2.4761
3.4219
3.6822
4.684
2.8063
5.8709
2.0739
2.1667
2.0498
1.3283
3.4331
4.0404
5.0839
2.075
3.1695
2.5935
5.2627
-2.7427
-1.52
-2.5377
-0.98538
-0.53916
1.0899
-0.9697
-1.3317
0.94736
0.42096
-1.1675
-1.6379
-1.902
-2.1808
-1.9322
-2.3062
-0.71445
-1.9018
-0.73756
-0.73988
-1.7327
-2.456
-0.86912
-2.8722
-0.27412
-0.34191
-1.5467
-2.2012
-0.76696
-0.73285
-1.6439
-0.12913
-0.43035
-1.8601
-4.6046
-1.6499
-2.7914
-3.2209
-0.25397
-1.8386
0.29654
-1.2941
-3.154
-0.045353
1.051
-0.94632
-2.5835
-1.3624
-0.11508
-1.3742
0.75865
-2.0787
-1.412
1.9172
-1.0701
-0.41437
-1.7261
0.097914
-0.56105
0.53953
-1.668
-2.6297
-3.0987
-0.93761
-4.4528
-2.6021
-1.0428
-3.0745
0.44702
-1.5172
-2.3699
-1.0355
-2.0563
-2.0007
-0.10992
-2.7393
-1.5845
-0.49956
-2.9043
0.56865
0.31396
-0.22699
0.73003
1.4706
0.040935
1.1313
0.04057
2.0909
1.5414
0.98307
1.0507
2.9489
1.1894
0.59715
1.5308
3.1182
1.8968
2.7537
0.56788
2.2225
0.078731
1.5683
0.57292
1.8142
1.0655
0.99133
2.0909
-0.90522
0.88883
-1.5861
1.21
-1.2984
-0.53262
0.63329
1.0944
-1.0046
1.7209
-0.69134
0.23902
3.6001
0.23104
0.51774
0.47671
-0.7631
-0.61611
-0.30107
1.1349
3.3756
0.70048
0.8289
0.92234
0.89769
0.7791
-0.26795
1.3714
2.3198
2.204
1.768
0.72074
0.1842
-1.2801
1.3191
0.095806
0.81057
0.56006
1.0126
0.75069
1.9076
-0.61552
-0.050318
1.7201
1.137
2.2358
0.86115
0.2058
-0.64631
1.4398
4.0484
-0.47611
0.59199
3.2442
1.8263
-0.13998
1.587
0.81068
0.96189
2.4678
2.9266
0.5328
0.8546
2.6809
0.16084
3.1674
1.9783
1.7665
-0.80288
0.88132
1.1503
0.92583
1.2237
0.8793
0.019846
0.76586
-0.37495
-1.026
-0.22509
-0.52552
1.8774
0.77543
1.5134
1.6389
0.26511
0.88428
2.1859
-0.49466
2.8131
-0.064034
0.69529
0.77965
0.92035
0.31735
0.31883
0.35181
0.56701
0.44065
-0.58213
0.93168
1.7862
0.74582
-0.12013
1.5727
-0.85067
0.53507
-1.6264
-0.51842
4.0445
2.0964
0.97343
1.3804
0.021688
-1.0849
2.3839
0.67863
-0.15196
2.4181
2.3162
-0.24933
2.1735
3.2023
2.1859
0.75038
-0.50721
1.9136
0.65652
2.0298
1.5555
2.3951
-0.39645
0.77146
2.1814
2.2907
2.2635
0.83926
0.26693
1.0128
2.1904
-0.08765
1.2162
-0.18673
1.3126
1.7297
0.40903
0.1466
1.43
0.18394
0.43784
2.0013
-0.64745
1.9221
0.50599
0.8432
2.0526
0.29164
0.021469
0.68402
0.14198
0.88666
1.4155
-0.25098
-0.86743
0.31033
1.2141
0.66311
0.99157
-0.71357
0.63678
2.0029
-0.12354
0.056082
1.7612
0.069298
1.2539
-1.3771
1.0119
1.3427
2.9165
2.0521
0.55677
1.7761
0.58058
0.047854
1.95
1.4348
0.064745
0.81162
1.1092
2.2063
0.25402
1.0817
2.647
2.9054
0.78925
1.6251
-1.3666
0.97036
1.6777
0.62192
0.93776
0.25399
1.2882
-0.14806
0.10008
0.87113
1.1537
1.1592
2.7982
-0.23377
1.6087
0.37524
0.68034
0.25008
1.3001
3.0168
-0.87645
0.47925
0.96952
0.24368
-1.45
0.88356
-0.60253
-0.29436
1.3519
2.6057
-0.51227
1.1636
0.59613
-0.068447
1.5889
0.73402
0.90263
1.4834
0.91039
2.8884
3.6165
-0.0027355
2.4174
0.69401
-0.35162
4.9215
-0.41433
1.801
1.8255
-0.66797
2.8555
1.9606
1.1893
3.4022
1.596
2.7852
0.81661
-0.44789
1.4143
0.65234
2.3724
0.40275
0.73275
1.378
0.2214
-1.5098
-0.76262
0.71411
1.8422
3.6291
1.1949
0.081806
-0.17022
-0.61093
-0.013583
-0.65487
-0.93414
2.7024
-0.82623
1.1859
-0.1157
1.3124
0.86747
2.1814
2.9161
0.42255
0.51698
0.8346
1.3628
2.9969
0.13168
1.3903
-0.42316
2.536
-0.32457
1.2862
1.9217
0.0078767
-2.0344
1.5955
2.4048
1.9128
2.4984
0.31391
0.87498
1.0774
-0.51001
1.6999
1.5975
0.95643
-0.28852
2.4002
0.71471
0.4699
2.3701
0.28332
1.6885
0.50502
-0.2724
2.7258
0.29299
0.65873
-0.79279
0.35564
0.49273
0.10198
0.56964
-0.15805
-0.031326
0.75714
1.5937
1.5491
0.11226
-0.11836
1.6444
3.8128
1.7475
0.2874
1.7622
1.5227
0.71976
-0.036568
-0.19177
0.70627
1.7085
1.4691
-0.56613
1.9679
0.97741
-0.34052
1.8177
0.60363
1.87
1.6138
1.8658
1.0499
1.0619
0.89266
-0.22738
0.77487
-0.94296
0.29473
0.14498
2.0334
-0.38777
-0.48755
0.18483
2.0709
3.5806
0.34594
-0.3678
0.88718
2.1848
0.54104
-0.19612
2.8194
0.83133
-0.78366
-0.16348
1.8375
0.17628
-0.87753
0.98415
-2.023
-1.028
1.4253
0.60063
-0.33536
0.81059
1.6931
0.093084
1.9869
2.8697
0.78726
1.1542
-0.39245
1.2515
0.16819
0.90208
1.3726
1.5526
0.16319
1.3324
1.0066
1.412
-0.21549
1.8453
1.3837
1.371
4.395
3.1649
4.9765
4.6577
5.3774
4.0129
5.1746
5.6789
5.7052
4.9528
6.2636
2.5341
3.5255
5.3932
5.2243
5.8078
4.941
6.9423
5.2393
4.54
3.9135
6.4235
5.124
5.9341
5.0176
5.8674
5.4283
6.4516
5.2328
3.5833
7.5045
5.5848
7.4156
6.2334
5.1482
3.5721
4.6941
5.9119
3.1749
4.1269
5.2311
5.1442
5.816
5.888
5.7906
6.1698
5.3669
5.1806
5.2565
4.7211
4.5232
6.7295
4.1754
5.5699
5.9515
4.0152
6.3724
5.4699
4.5884
6.1703
5.6036
6.2817
4.4517
5.6986
3.7347
5.1249
5.8022
2.8522
5.764
6.0053
4.8714
3.48
6.6978
4.8021
3.1801
6.04
5.421
5.5563
5.0572
5.0747
4.8273
5.3126
7.5683
7.2246
6.6736
5.1274
5.8882
5.4559
5.0609
4.451
4.8088
4.3503
6.8036
4.8397
3.5968
4.7543
5.5044
5.2499
4.9652
5.7971
5.92
4.3929
4.5353
6.001
4.5153
7.2651
5.8753
6.6464
4.2201
4.5297
5.7304
3.5022
5.165
5.2839
4.8008
6.992
4.9279
8.0934
3.3011
4.7179
4.616
3.7152
3.4001
7.9027
7.0981
4.7045
7.6084
5.0205
4.3169
6.0262
6.8196
5.9801
3.5064
3.618
5.0988
5.9255
5.6539
6.3699
5.2475
6.4775
5.4417
4.978
4.3638
3.9283
8.0163
4.414
6.5455
4.5971
5.6374
7.6719
5.7997
7.04
4.7871
4.5175
5.1436
6.302
7.0619
7.8659
5.1534
4.3468
5.3843
6.0361
5.4185
5.073
5.3784
6.3619
6.9461
3.4453
6.2279
4.7396
5.8545
5.3633
7.1147
6.0933
6.1761
6.1972
6.3212
6.4783
5.3506
5.4246
5.9546
5.4885
5.9368
4.9637
6.5645
5.9607
7.0555
7.4342
6.1274
5.4614
5.2996
6.6203
2.5567
3.851
6.1645
5.7746
5.8861
5.3915
5.0503
7.5705
4.3443
3.8543
5.1513
5.9143
4.5512
4.8235
5.6932
4.6433
3.9293
4.7851
4.1493
4.6032
4.7371
5.0674
4.7564
4.2854
4.8661
6.1408
4.5744
6.9064
6.0259
6.7651
3.6733
4.6498
4.7758
2.9695
1.0775
-0.079403
2.7147
-0.62195
1.0494
1.6752
1.694
4.3106
3.7305
1.5424
2.0557
2.327
1.8926
1.6091
0.92172
-0.33681
2.5573
4.2066
1.924
1.1034
1.9596
1.4178
1.089
3.4343
1.3138
2.6451
3.5133
2.946
3.4319
1.4894
3.0565
0.060078
0.56124
2.2326
2.391
3.4272
2.5485
3.4399
2.9129
1.6913
3.8826
2.8327
3.235
3.5596
4.3095
4.731
7.6832
4.9367
2.9912
2.34
4.2264
3.1401
6.4716
5.1153
4.7271
1.7042
4.8904
4.8297
6.7274
4.8448
5.4952
5.1111
5.0588
5.0204
4.0204
4.1504
2.7309
3.6887
5.2584
5.4558
5.5064
3.6952
3.0874
5.4352
4.1425
3.6247
3.4818
2.872
5.0826
3.892
4.7736
4.1416
3.6608
4.9245
2.9058
2.5228
4.9488
5.5231
3.6463
4.5949
1.814
2.486
2.6488
4.7404
6.3869
3.3342
4.9342
4.6939
6.233
4.6157
5.2905
-1.5421
-1.2783
0.68415
0.5651
-0.95789
1.1701
0.3713
-0.25954
-1.9877
-0.50761
-0.6757
-0.052784
-0.83716
0.23566
-0.57991
0.69822
-1.0379
-0.78459
-0.26984
-0.37324
0.63342
0.7292
-1.4167
-0.71207
-1.366
-0.6418
2.192
1.3688
0.33697
-0.64788
-0.17007
-2.1399
1.0649
-0.65841
-1.129
1.178
1.1195
0.97487
0.37966
-0.19326
0.67624
-1.6477
0.065496
1.443
-0.92986
-0.72741
-1.1826
-1.8321
-1.6583
0.6033
0.73366
-0.037379
0.96366
-0.4956
-0.97767
0.10485
-0.82771
1.5322
-1.3932
0.87595
-0.6426
1.5842
0.83705
-0.55112
0.68585
0.24241
0.41801
0.14822
1.5416
-0.95001
-0.57089
1.9323
-1.7539
0.034141
-0.1691
-0.91807
0.82812
0.98012
-1.3916
0.57472
0.057554
-0.47623
2.1959
-1.4014
-1.8206
-1.8984
-1.5802
1.899
-0.64723
-0.51372
1.2458
-1.1877
0.21582
0.62229
1.1859
1.6198
-0.99796
0.087766
1.9313
-0.24368
-0.90341
-1.4954
0.30614
1.0057
-1.4356
-0.21858
-2.1597
2.1131
-0.41288
-0.14545
0.63935
-0.99453
0.83641
2.7138
-0.59526
0.6877
-0.0036767
-0.033085
0.1345
-0.25577
0.21983
-1.6372
-0.57291
-1.7166
-0.64243
3.4685
-2.0755
1.1327
-1.1464
-0.81027
-1.633
0.8225
-0.094618
-0.16844
1.3353
1.5095
-0.58909
1.6002
1.1203
1.4469
-1.2622
-0.03011
0.91091
-0.14857
-0.33806
1.1021
-0.61223
1.3143
-0.062411
-0.93365
0.16627
-1.6521
0.70434
1.9219
0.64266
1.5848
0.38567
0.43467
1.2479
-0.015457
-1.5304
-0.16037
-0.12913
0.34056
0.74787
-0.5685
0.98203
-0.22558
-0.57327
-1.0911
-1.0916
0.9171
-0.38883
-0.067339
-0.18061
-0.043831
0.12258
-0.3651
1.0855
-0.15257
-0.25566
-0.97007
1.2712
0.41654
1.3967
-2.0993
-0.0041794
3.1006
-0.63681
0.94815
-0.17797
0.41283
-2.0502
0.35387
-0.40002
-2.0758
-0.44193
-0.20922
0.82723
-0.22968
-0.019738
0.64767
1.1398
-2.4014
0.55089
-0.32876
1.3959
0.93257
0.09737
-2.3832
0.87211
-0.073984
-0.76037
0.62211
-0.54142
0.27174
0.77686
-1.2706
0.0013961
-0.43432
-0.81226
1.5581
-0.16692
0.62489
0.99741
-1.5556
-1.3653
1.5997
0.22982
-0.78394
-0.08332
0.13731
-0.99
-0.63973
0.4337
0.68309
-1.3505
-0.8422
-0.51639
1.1209
-1.4377
-2.1523
1.4036
-0.77345
-1.0801
0.80821
-0.5579
0.21358
0.54695
1.6541
-0.2292
0.00069029
-0.55047
1.3647
1.7023
-0.41135
-1.1063
-0.41357
1.1922
-0.97649
-1.8804
-0.77623
0.15585
-0.86935
0.35638
-2.3024
1.6223
-1.964
-0.11374
1.0891
-1.2332
0.066276
0.73968
1.367
0.19437
-0.41601
-0.47615
0.12999
1.3278
0.37397
-0.14961
0.5915
0.52362
0.98171
0.1461
1.2123
1.7538
0.58174
-1.2998
0.80581
-0.52783
0.54819
-0.70047
-0.80713
0.42348
0.13445
0.88543
0.39795
-3.1191
-2.1548
-1.1174
1.0682
-0.97267
0.68115
-0.82879
-1.1721
1.5592
-0.22429
-0.34138
2.3894
1.472
-0.26781
0.15015
0.52581
-1.8853
-0.87711
-1.7704
1.9139
2.4094
-0.55235
-0.95916
-0.69905
-0.047994
-0.60494
1.4627
1.9076
-1.0442
1.7216
-3.0136
0.80771
-0.876
0.84178
0.5234
2.576
0.7837
1.5486
-0.50776
-1.2959
0.41312
-0.96559
2.625
1.0746
0.37761
-1.9513
0.98917
-1.3956
-0.68035
-1.6771
1.4661
0.98673
-0.32212
1.4371
-1.1408
-0.37368
1.253
0.54213
-2.1022
-0.35752
-0.12769
-0.057694
-0.73451
0.42119
-1.6533
-0.68032
0.34777
0.20949
-0.73197
0.57928
0.028256
0.59637
0.40826
1.5877
0.00084008
-2.0609
-1.502
-0.1351
-1.009
-0.42009
1.1225
1.1046
0.35059
0.36219
0.35017
1.2383
-1.1282
-0.64107
0.44989
-0.56629
-1.2175
0.2306