-0.13327
-0.92171
-0.085923
0.38651
0.45963
0.057294
0.52088
-0.18099
-0.34905
-0.076718
-0.41547
0.14124
0.096182
-0.10415
-0.036887
-0.33226
0.27754
0.43977
0.40266
-0.34721
-0.078114
0.24169
0.44892
0.14983
-0.26183
0.34557
-0.36248
-0.32811
0.027957
-0.17284
-0.30812
-0.051138
0.44059
-0.038721
0.030763
-0.044451
0.49062
-0.14437
0.29481
-0.10662
0.68467
0.17151
-0.76439
0.27129
-0.30033
0.31221
-0.32502
0.22159
0.4563
0.14176
-0.19974
0.059915
-0.093899
0.065729
-0.15892
-0.29066
0.011945
0.51443
0.84831
0.07279
0.19451
0.33108
0.2086
0.41645
-0.055337
-0.41041
0.088669
-0.56303
0.26116
0.10144
0.45232
-0.62819
0.26274
-0.1458
-0.66779
-0.58535
0.82895
0.12292
0.3817
-1.0111
0.41745
0.28111
-0.51407
-0.26621
-0.028323
-0.34304
-0.17348
-0.36508
0.2764
-0.22358
-0.038624
-0.41671
-0.16372
0.073078
0.21819
0.17844
-0.075377
-0.53644
0.54798
-0.43114
0.15683
-0.18639
-0.024634
-3.4279e-005
0.041449
0.31207
0.34182
0.016272
0.81067
-0.090208
0.1051
-0.37824
0.19542
0.18224
-0.22234
0.11854
0.026448
0.1297
0.55546
0.22322
0.16448
0.17061
0.039999
0.37089
-0.29651
-0.2543
0.461
-0.187
0.24041
0.26502
-0.11668
-0.15709
-0.019661
-0.14391
-0.10876
-0.65979
0.078498
-0.072485
-0.27824
-0.31772
-0.17177
0.14106
-0.073463
-0.37415
-0.040521
-0.31593
-0.014104
0.65198
-0.04913
-0.24005
0.042755
0.30968
0.34201
0.32175
0.050009
-0.21303
-0.05242
0.42047
0.018753
-0.53728
0.32823
-0.45971
-0.14037
0.22362
0.26681
-0.13514
0.35449
-0.00079167
-0.09548
-0.25856
-0.28674
-0.34225
-0.02404
0.10317
0.2501
-0.8003
-0.26341
0.70661
0.011238
0.14063
0.24694
0.14866
-0.1182
-0.035998
-0.13995
-0.30586
0.43087
-0.30371
-0.22281
0.69181
0.36807
-0.050213
0.19317
0.33664
0.14115
0.1473
0.38842
0.82474
0.64816
1.5674
1.2606
1.9075
2.5437
3.6648
3.4983
2.7706
1.595
1.1407
0.64559
0.064696
0.57177
0.34157
-0.051092
0.64532
-0.18134
0.0024514
-0.22247
-0.1335
0.1594
0.7337
-0.17964
0.3669
0.12474
0.3253
-0.052751
0.39709
-0.19659
-0.53941
0.39363
-0.05344
0.13165
0.14964
0.1145
0.45851
-0.010447
0.083008
0.32318
-0.58399
-0.036267
-0.096995
0.33794
-0.24483
0.27268
-0.37204
-0.026798
-0.04295
-0.44334
0.17574
-0.25861
0.1019
0.32491
-0.13408
0.12939
0.4731
0.11417
0.17742
0.21415
0.064933
0.75512
0.31783
0.35653
1.1836
2.096
2.4119
3.0005
4.2421
3.8816
2.4658
2.1125
1.711
1.4236
0.45937
0.79279
0.48692
0.70091
0.78425
0.49739
0.48347
0.87791
0.41133
0.42588
-0.21397
-0.31294
0.22371
0.33724
0.15112
0.13847
0.37748
0.078791
0.51736
-0.21259
0.085974
0.7891
-0.21123
0.29788
0.80079
0.18139
-0.62185
0.35416
0.069105
0.19952
0.32008
0.74671
1.3646
1.1101
1.3994
2.8283
2.8701
2.1099
1.0865
0.69891
0.98387
0.31596
1.2574
0.72171
0.48159
-0.0065899
0.57264
-0.0048882
0.75744
0.29042
-0.024785
0.20597
-0.19457
0.48256
0.069676
0.08716
-0.087943
-0.042554
-0.32829
-0.69038
0.35321
0.37154
0.016186
-0.29449
-0.10758
0.3881
-0.13834
0.13337
0.29294
-0.20481
-0.018403
-0.30889
0.033353
-0.37051
-0.034076
0.10959
0.092193
0.17266
0.3029
0.33183
0.26979
0.663
-0.16564
-0.63843
0.0055979
0.0078097
-0.16347
0.49201
-0.11697
-0.15391
-0.60268
0.13442
0.24625
0.14874
-0.072695
-0.11183
-0.11863
-0.13286
0.11625
-0.62612
-0.2603
-0.47992
-0.090153
0.1818
0.0026652
0.011882
-0.19802
0.24556
0.31402
-0.19196
-0.19288
-0.37539
0.13579
-0.22179
0.066683
0.50386
-0.67982
-0.20498
-0.10384
-0.16612
0.63366
0.4027
0.27827
-0.074169
0.19191
-0.17974
0.14027
-0.4005
0.42768
-0.090309
-0.10103
-0.62431
-0.25103
-0.53699
0.20388
0.038037
-0.76357
-0.42108
-0.15522
-0.17342
0.010385
0.0064532
0.68141
-0.67998
-0.47151
-0.1458
0.095353
0.39039
0.39116
-0.26301
-0.26457
-0.018988
0.33076
0.24169
0.0047844
-0.0098972
-0.42253
-0.061099
0.93593
0.62693
-0.063892
0.23549
0.80136
0.44568
-0.27055
0.25967
0.29642
-0.29975
-0.30064
-0.42369
-0.093426
-0.6084
0.037806
0.32896
0.35602
0.19194
-0.15354
0.63629
0.8192
0.93134
0.013515
0.29491
0.15393
0.43187
-0.23471
0.74556
0.64598
0.87379
1.3056
0.33417
0.90602
1.2119
0.97099
1.7096
1.6276
1.2992
2.2974
2.8271
3.2048
4.3206
3.2126
2.3833
2.3647
1.9161
1.9557
1.5115
0.98145
1.449
1.0423
0.93281
0.72071
0.92453
0.74094
0.81429
0.2503
0.085083
0.91287
0.33196
-0.09763
1.0799
1.1398
0.99797
1.0151
0.70849
0.57667
0.77201
0.44772
0.39391
0.97683
1.4114
1.4253
1.5203
1.0525
1.6991
1.9445
2.5225
2.5237
3.1345
3.6356
3.8239
4.8375
4.0878
3.6134
2.9475
2.9025
1.644
1.1833
0.79653
1.9228
1.3859
0.43018
0.89704
0.5482
1.0664
0.73308
0.52949
0.90797
0.34433
0.22597
0.44319
1.1932
-0.67095
0.47674
0.15191
0.34973
0.06556
0.86985
0.59224
0.71361
-0.078897
-0.089508
0.38043
0.2835
0.28241
0.35045
0.079017
0.19957
-0.11135
0.29748
0.27608
0.28475
-0.057122
0.56934
-0.40576
0.52604
-0.0040863
-0.18022
0.32456
0.57038
-0.53376
0.54722
-0.083217
0.13414
0.50144
0.019456
-0.29063
0.59662
0.27141
0.071051
0.077138
-0.017709
-0.15499
0.38609
-0.15333
0.12342
0.13365
0.27534
0.75686
-0.5544
0.29465
0.022302
0.004244
-0.097847
1.1237
0.38864
-0.29322
0.085907
0.45413
0.011363
0.46227
-0.21394
0.30058
-0.26107
0.19235
-0.099501
0.37726
0.24686
0.20962
-0.024789
-0.075088
-0.01486
-0.034866
-0.20149
-0.11493
-0.34648
-0.14215
0.25062
-0.21114
0.20499
-0.15654
0.12017
0.057335
0.25319
-0.37268
-0.27011
0.053696
0.29397
0.0084293
-0.29259
0.025229
0.13584
1.1299
-0.21675
0.19377
0.35762
-0.25893
0.47674
0.13476
0.41652
-0.072508
0.50565
-0.077834
0.14956
0.34194
0.08259
0.55618
0.11006
-0.10599
-0.36631
0.19469
-0.36613
0.47037
0.25843
-0.082019
-0.21862
0.1048
-0.059439
0.032766
-0.73452
-0.083903
0.65225
-0.37167
-0.23762
0.55205
-0.011746
0.75077
0.28639
0.13
-0.088852
-0.13811
0.12765
-0.46807
0.36216
0.56943
-0.29582
0.049076
0.26404
-0.068469
-0.1395
-0.022121
-0.12402
0.37865
-0.037031
0.20482
-0.21393
0.16669
0.27921
0.012152
0.28675
0.045672
0.59789
-0.32229
-0.15246
0.070184
-0.40189
0.050284
0.32499
0.76886
-0.017205
0.12397
-0.1438
-0.2073
0.53496
-0.26636
-0.20525
-0.31218
0.23319
0.47322
-0.01611
-0.56855
-0.41178
-0.076959
-0.4181
-0.0058525
0.54396
0.13596
-0.034516
0.19053
-0.12403
-0.35082
0.11506
0.44332
0.072948
0.40682
-0.15846
-0.1213
-0.16234
-0.1624
0.20751
0.29614
-0.17371
0.21267
0.17367
0.57437
0.35005
-0.0067857
0.17918
-0.37482
-0.068458
1.0103
0.025302
-0.24819
0.21007
-0.062107
0.46724
0.30402
0.38432
0.33039
0.044043
0.20488
0.64801
0.24425
-0.144
0.1492
0.53181
0.60862
-0.20971
-0.31379
0.42859
-0.040672
0.68418
0.36711
0.32554
0.10941
0.33436
0.35758
0.24262
0.023305
0.025594
0.63338
0.59411
0.10106
0.29629
0.27777
0.75534
0.4014
0.6424
0.13458
0.56386
0.43107
0.95678
0.5511
-0.29787
0.5992
0.17626
0.38223
1.1687
0.72523
0.86524
0.32595
-0.0078861
0.65013
0.45901
1.0371
1.1772
0.34861
1.0213
0.85419
1.2088
0.6885
0.58509
1.1792
1.1284
1.1427
1.2329
1.0296
1.0068
1.1291
1.627
1.4481
1.7971
2.1982
1.6376
1.8898
1.6348
1.5094
2.459
1.4337
1.9042
2.7873
2.664
2.7639
3.1809
3.3986
3.3597
3.3823
3.6543
4.3672
3.9679
3.7176
3.4727
3.6243
2.8954
2.9943
2.8761
2.758
2.5981
2.4089
2.5343
2.7966
1.982
1.4213
1.807
1.1829
1.1621
1.2995
1.7255
1.4699
1.391
0.91176
0.69155
1.4631
1.1763
1.1789
1.1249
0.74665
0.70749
1.362
1.4974
0.62693
1.0693
0.94514
0.6084
1.19
0.7775
-0.35724
0.3395
0.74649
1.1281
1.3809
0.59004
0.47326
0.9552
0.77464
1.0079
0.60497
0.27313
0.53932
0.92207
-0.35353
0.35375
0.7323
0.24928
0.38376
0.094542
0.48504
0.67016
0.27934
0.78542
0.52873
0.41038
-0.115
0.6771
0.71422
0.58218
1.1006
0.57117
0.013344
0.54355
0.56214
0.91396
1.0019
0.77587
1.2614
1.0743
1.6788
1.6807
1.6959
2.1031
2.5198
1.7026
1.8154
1.6426
1.1881
0.83742
0.51046
1.1529
0.5717
0.69264
0.58864
0.93318
0.56335
0.20498
0.73959
0.072006
-0.13412
0.27065
-0.15536
0.013937
0.36165
0.39133
-0.44678
-0.54719
-0.055303
0.056902
0.14877
0.43873
0.32636
0.12399
0.14921
-0.13691
0.37467
0.30469
0.020555
-0.038753
0.25292
-0.55672
0.20983
0.055514
0.078331
-0.1114
-0.37685
-0.054055
0.15248
0.50201
0.10179
0.25971
0.46654
-0.54797
0.35526
0.15603
0.88048
0.14926
-0.14776
-0.16796
0.49686
-0.081293
0.26788
0.23645
-0.093149
-0.22898
0.27564
-0.3054
0.14037
-0.026711
-0.56314
-0.30084
0.1011
0.035811
-0.30249
-0.12841
0.42515
0.39277
-0.041039
-0.061832
0.055699
-0.12
-0.11399
0.38022
0.14813
0.10074
-0.34759
0.041047
0.21584
0.07354
0.56957
-0.10969
0.42015
0.066806
0.3324
-0.32609
-0.48407
0.25704
-0.097327
0.054791
-0.19336
-0.12673
-0.10479
0.32512
-0.025458
-0.14692
0.066198
0.054628
-0.068184
-0.21593
0.13708
0.38676
-0.060367
-0.29611
0.42489
0.4737
0.13652
-0.23021
-0.007435
0.14143
-0.010123
0.41158
0.037442
-0.29406
-0.61687
0.08295
-0.43759
0.4249
-0.30496
0.0074526
-0.069911
0.39947
-0.25518
0.30175
-0.21095
-0.026899
-0.37216
-0.0089038
-0.060179
-0.63073
0.38484
0.13776
-0.42263
0.035196
-0.57642
-0.24519
-0.073343
-0.05812
-0.16672
0.51814
-0.015625
0.5173
0.42376
0.060404
0.28089
-0.12326
-0.34077
-0.039569
0.19263
0.10379
-0.2544
-0.00225
0.026224
-0.32631
-0.18182
-0.53447
0.18357
-0.66288
0.15803
-0.28413
-0.11093
0.21455
-0.44201
0.21684
-0.17402
-0.41429
-0.25365
-0.1002
0.35393
-0.072914
0.34176
-0.67012
0.46598
-0.58208
0.095088
0.37478
-0.34564
-0.25097
0.88083
-0.3066
0.12073
0.20977
-0.035845
-0.31337
-0.24598
0.045525
-0.1464
-0.15941
0.36912
0.011054
0.1113
0.151
-0.43546
0.33657
-0.35364
-0.23782
0.69727
0.28593
-0.28064
-0.47633
0.050241
0.41741
0.40474
-0.15418
0.35276
0.10487
-0.05345
-0.094835
-0.36333
-0.25225
-0.34237
0.45827
0.21326
0.55455
0.28819
0.024534
-0.251
-0.1705
-0.040793
0.10642
-0.14745
0.38867
0.61422
0.28341
-0.6222
-0.23128
-0.15855
0.24193
0.12918
-0.18174
0.19661
0.60937
0.40312
-0.6286
-0.24479
0.18936
0.5203
0.30323
-0.29316
0.21649
-0.068435
-0.56731
-0.18716
-0.31784
-0.18755
0.52318
0.23106
0.23014
0.20813
-0.3065
-0.10246
-0.16313
-0.26514
0.61037
-0.26806
-0.35924
0.22888
0.15328
0.27018
-0.15664
0.0089559
0.84135
0.10905
-0.17063
-0.069712
0.64279
-0.025015
-0.047341
0.27602
-0.1375
-0.01784
0.047677
-0.29386
0.16287
-0.43469
0.15448
0.51304
-0.25659
-0.24395
0.041357
0.044674
0.17138
0.30951
0.21603
0.48107
0.64787
-0.30583
0.20546
0.014467
0.014256
-0.34325
-0.12062
-0.2096
0.0046745
-0.63324
-0.25149
0.56101
0.051592
-0.41228
-0.35284
0.10715
0.042203
-0.32538
0.071117
-0.30958
0.14383
-0.68993
0.49308
-1.0277
-0.39248
0.069209
-0.22906
0.19999
-0.004543
0.58692
-0.36423
-0.14907
-0.20707
0.027666
0.14085
0.49284
0.038241
-0.17809
-0.4512
0.75737
0.095378
0.098532
0.23181
0.28607
0.089561
-0.099043
-0.018638
0.1182
0.1414
0.20744
0.08532
0.41097
-0.363
0.15837
0.13404
-0.022036
0.12204
-0.043302
-0.33676
-0.48106
0.1037
-0.45738
0.14429
0.093877
0.65841
0.22678
0.088833
-0.031402
-0.1846
0.07916
0.10661
-0.12046
-0.38292
0.60304
-0.22761
-0.13733
-0.48124
-0.073485
-0.020297
-0.24826
0.00043771
0.39898
-0.45767
0.28607
-0.15826
0.3869
0.06154
0.12009
-0.1277
-0.11945
0.20931
0.2339
0.28953
-0.072856
-0.15097
0.35856
0.36243
0.097134
0.34597
0.54599
0.31435
0.3077
0.044735
-0.31548
0.55016
-0.23285
0.048129
-0.14209
-0.081898
0.21597
0.64567
0.74973
0.71531
0.36386
0.23924
-0.80132
-0.15839
0.081923
0.28677
0.037654
0.5784
0.62883
0.40215
0.7048
0.094356
0.79889
0.48457
0.48757
1.3211
0.73146
0.5372
0.72682
0.92715
2.015
1.8458
2.4518
2.4292
2.2512
3.6805
4.4064
3.7088
3.5726
2.4251
2.1306
2.2228
1.7287
1.5287
0.62694
1.3735
1.0061
0.91499
0.65376
0.84548
0.42421
0.742
0.67121
0.076954
0.48213
0.67209
0.067096
0.23333
-0.12813
0.64994
0.39343
0.14394
0.33219
-0.42941
0.57041
0.525
0.0032623
-0.13916
-0.023595
-0.0037211
0.45932
-0.031111
0.53639
0.29189
0.82037
-0.18118
0.24052
0.49294
-0.46784
-0.31224
0.2873
0.73057
0.42704
0.35666
0.12436
-0.011506
-0.4288
0.071625
0.17404
-0.77063
0.36426
-0.60404
0.05071
0.27273
0.077754
0.010428
-0.24585
0.054762
0.21937
-0.12891
0.32149
-0.28643
0.38669
-0.39601
-0.11667
-0.022376
-0.17801
-0.12662
0.043249
0.15147
-0.13907
0.58447
0.50801
0.17899
-0.22045
0.089449
-0.27041
0.8013
-0.46151
-0.32516
-0.087589
0.37902
0.062346
-0.063031
-0.29487
0.40029
-0.17555
0.23725
0.028335
-0.053275
0.18217
0.080473
-0.32749
-0.13486
0.37564
0.1639
0.21812
-0.1156
-0.6602
-0.084934
-0.60779
-0.49447
0.43628
-0.10489
0.54649
-0.42196
0.27071
0.60474
-0.13958
0.4224
0.1269
0.048978
-0.084395
-0.14553
-0.02098
0.25335
0.43788
0.21999
-0.54005
-0.52342
-0.073714
0.561
-0.23049
-0.34187
0.0053303
-0.60089
0.59197
-0.34583
-0.03803
0.060655
-0.14062
-0.051723
-0.055526
-0.042165
0.75624
0.020814
-0.63771
-0.15168
0.43683
0.33855
0.10887
-0.33457
-0.64352
0.64709
-0.20017
-0.066152
0.19751
0.054416
-0.15059
-0.091803
-0.1737
0.27749
0.19226
-0.51511
-0.13014
-0.15179
0.6037
0.41643
-0.23569
0.3345
0.21145
0.095173
-0.33908
-0.31147
-0.26509
0.16574
0.17564
-0.25677
0.90391
0.0075318
-0.11969
0.21807
-0.12632
0.16661
0.37665
0.30401
0.13242
0.31818
-0.49779
0.27522
0.61636
-0.11778
0.52826
0.017974
-0.22241
0.2958
-0.37612
-0.23528
0.034919
0.42666
0.086342
-0.17413
-0.2461
0.41607
-0.066175
-0.33752
0.081853
0.041237
-0.32628
-0.18692
0.061802
0.20884
0.2193
0.17462
0.23556
-0.22962
-0.41619
0.24241
-0.72678
-0.2611
0.31703
0.60531
0.43538
0.043104
0.47624
0.36614
0.49209
0.24831
0.3962
1.0091
1.4019
1.9583
2.7235
1.7018
1.2062
1.1277
0.87556
0.68022
0.77145
0.17405
0.359
0.44977
0.53573
-0.15527
0.52972
0.53046
-0.093901
0.59868
0.31368
0.45589
-0.36793
0.6219
0.42973
0.42084
0.69892
0.4215
0.21566
0.31665
0.21001
0.39101
0.79185
0.91439
0.88775
1.2737
1.0582
0.79354
1.5705
1.8616
2.2994
2.6897
3.1386
3.63
4.7907
4.8128
3.9317
2.8792
2.5914
1.7778
1.9606
1.2031
0.78947
0.85913
0.91974
0.35535
0.31379
0.89002
0.22037
0.030628
0.43651
-0.18152
0.56722
0.2395
0.17868
0.75691
0.6756
0.047906
0.064382
-0.21482
0.24568
-0.34321
-0.33413
0.07776
-0.40175
0.20395
-0.26684
0.018914
0.39684
-0.12389
0.44936
0.1669
0.78211
0.37233
-0.45415
0.44023
0.24296
0.35689
-0.31255
-0.14782
0.3189
-0.56603
0.49597
0.34138
0.18013
-0.11276
0.31898
0.34329
0.68185
-0.40446
0.66679
0.83911
2.2255
2.0654
2.9323
2.765
3.5639
2.6052
1.8395
1.1951
1.6232
0.87623
0.71014
0.50003
0.37273
0.31672
0.023327
0.31761
0.39336
0.96443
-0.040993
0.11813
0.32823
0.4324
0.61952
0.0040962
-0.38248
0.72436
-0.044926
-0.31744
-0.49158
0.041325
-0.20571
0.39431
0.52163
0.24394
-0.32028
-0.051058
-0.10788
-0.054714
0.073229
0.1188
0.54155
-0.01404
0.47637
-0.34669
-0.1981
-0.14773
0.14152
-0.058626
0.29179
0.45274
-0.0488
0.053654
0.1121
-0.45574
0.26876
0.12576
0.29805
-0.12125
0.36165
-0.34627
0.32568
0.47707
-0.33524
-0.17369
0.0017544
0.20041
0.10223
0.31323
0.097926
0.054421
0.20344
0.57141
0.12512
-0.042792
-0.037329
-0.31358
0.29336
0.063804
0.26764
0.45557
0.034335
0.0026834
0.15198
0.42807
0.0040467
0.33456
-0.054263
0.28931
-0.4289
0.34964
0.29322
0.074323
0.25622
0.22995
-0.036965
-0.039124
0.14259
0.4729
0.47895
0.046792
-0.26875
-0.0028534
0.086617
0.23482
0.51758
-0.0012222
0.26526
-0.24825
0.042215
0.17145
0.043834
-0.095344
0.25297
0.20774
-0.42324
0.26349
-0.26437
-0.14238
-0.16904
0.12234
0.66378
-0.093668
-0.14542
0.24526
-0.0017538
0.011711
0.035697
0.099286
-0.08075
-0.0024393
-0.11088
-0.071421
0.44337
0.031456
-0.27744
0.23331
0.41072
0.39788
-0.39672
-0.22494
0.31412
0.2626
-0.21114
-0.4295
-0.3088
0.11054
0.051918
0.056362
0.14138
-0.0471
-0.32453
-0.1442
-0.38137
-0.90211
0.30773
-0.48867
-0.11221
0.062409
0.0096878
0.40909
-0.71149
0.28318
0.26056
-0.52742
-0.46922
-0.24177
0.2801
0.1011
0.44866
0.45717
-0.46114
0.15455
-0.27379
0.16421
-0.13313
-0.017513
0.16256
0.082951
0.26859
0.27543
-0.082146
0.24477
0.10202
-0.012338
-0.076186
0.14089
-0.37513
-0.029774
0.18489
-0.26396
0.083472
-0.20263
-0.054628
0.080765
0.22288
-0.34957
0.093561
0.013622
0.096905
-0.23409
-0.26544
0.49453
0.8947
0.36325
0.74156
0.59622
-0.47965
0.23692
-0.36014
-0.51149
-0.16276
0.19653
0.28559
-0.88368
-0.31878
0.81692
-0.011262
0.21501
-0.36561
0.36679
0.18371
0.15632
-0.26466
0.51539
-0.87271
-0.051856
0.37475
-0.28883
-0.27177
-0.10499
-0.72288
0.2115
0.12592
-0.18667
-0.21046
0.082395
0.019671
0.22432
-0.065497
-0.70149
0.40164
-0.47576
-0.22554
-0.095221
-0.68299
-0.23384
-0.72743
0.4033
-0.52548
0.17612
-0.15952
0.063697
-0.32773
-0.18173
-0.02348
0.33102
0.13033
0.51335
0.16388
-0.48227
0.040981
-0.36003
0.22144
0.24272
0.43492
0.44956
-0.13067
-0.22649
-0.11348
-0.21546
-0.34494
-0.36707
0.13009
0.51224
0.43081
-0.16905
0.60751
0.54845
-0.2196
-0.078454
0.49541
-0.031538
0.29226
-0.20763
-0.34365
-0.93713
0.14315
0.25207
-0.48468
0.27593
0.28433
0.57346
0.21125
-0.4497
-0.10505
0.402
-0.4761
-0.0059458
-0.23718
-0.46745
0.033436
0.35437
-0.69381
-0.31028
-0.28959
-0.00065471
0.12415
0.50313
-0.14391
0.41425
-0.6248
0.69855
-0.30666
0.51277
-0.096777
-0.014386
0.10253
0.39532
-0.054369
0.16706
-0.11669
-0.026896
-0.1646
0.15914
0.083207
0.016029
-0.48108
0.46266
-0.22312
-0.27687
-0.15673
-0.17302
-0.20817
-0.089629
-0.63682
0.11491
-0.38282
-0.37845
0.44488
-0.18785
0.15198
0.51239
-0.29892
0.17989
-0.059502
-0.41603
-0.15124
0.36944
0.37487
0.47728
0.14463
-0.21762
-0.2137
0.47759
0.10683
-0.48208
0.45026
-0.56444
0.077462
-0.15828
0.27607
0.18247
0.11704
0.14126
-0.16093
0.019116
-0.28049
0.02377
0.25529
0.087234
-0.42348
0.52321
0.27723
0.018007
-0.32758
0.047965
-0.17815
0.60279
-0.27751
0.076044
-0.16801
0.31714
0.19891
-0.18286
0.047815
0.32631
-1.0882
-0.22432
-0.036996
0.25038
-0.010379
0.5301
-0.27952
-0.21287