0.13111
0.10097
0.035462
0.047774
-0.013972
-0.023253
0.17729
-0.13033
-0.073565
0.037067
-0.032493
-0.1115
-0.20918
-0.083524
0.015733
0.26348
0.074689
-0.10881
-0.13436
-0.043898
-0.039469
0.14104
0.036618
0.020455
-0.24
-0.05087
-0.23053
0.11754
0.054202
0.19582
0.093393
-0.043444
0.040329
-0.16097
-0.14878
-0.06672
0.22999
0.22979
0.20155
0.052478
-0.31911
-0.10799
-0.065287
-0.30213
-0.17957
-0.015925
0.0019274
0.17208
0.13573
-0.076912
-0.26098
-0.033926
-0.1181
-0.14463
-0.091642
-0.17367
-0.31225
0.08868
0.23341
0.1603
0.19257
0.0097647
0.16848
-0.053036
0.04261
-0.14358
0.14907
0.0099037
-0.0047808
0.2084
0.32786
0.080949
0.055757
0.056441
0.2519
0.16654
-0.17644
-0.16437
-0.12769
-0.21138
-0.23042
-0.090705
-0.080703
-0.079722
0.099978
-0.16349
0.26472
0.24009
0.31792
0.26832
0.2218
0.20566
0.287
0.046511
-0.0063005
-0.1136
-0.32463
-0.23872
-0.23604
-0.13194
0.087886
0.11972
0.14384
0.2945
0.0084479
0.18699
0.079573
0.17844
0.22527
0.14349
0.29333
0.23788
-0.085339
-0.10111
-0.1569
-0.22959
-0.34464
-0.10452
-0.39317
-0.28004
-0.21833
-0.13118
-0.15307
-0.0123
0.09771
0.21052
0.14071
0.075526
0.45548
0.24558
0.46208
0.23056
0.17433
-0.04699
0.069369
0.023107
-0.025126
-0.16038
-0.32262
-0.31286
-0.17198
-0.2672
-0.11661
-0.51947
-0.22564
-0.081779
-0.27778
-0.074955
-0.18187
0.016134
0.33052
0.10382
0.35461
0.14816
0.30907
0.31776
0.46225
0.11511
0.35719
0.30335
0.26604
0.19243
0.32898
-0.033475
-0.2335
0.0020754
0.011565
-0.19774
-0.27218
-0.14306
-0.086034
-0.25847
-0.1319
-0.17198
-0.25409
-0.31569
-0.36109
-0.12881
-0.14365
-0.099975
-0.1047
-0.19966
-0.008158
-0.044156
0.068514
0.32215
-0.12201
0.11485
0.3794
0.078013
0.20545
0.14563
0.24086
0.14897
0.31809
0.37271
0.11106
0.32464
0.15601
0.25932
0.17982
0.044091
0.33985
0.18258
-0.028225
0.033854
-0.22535
-0.012569
-0.20394
-0.23604
0.0092296
-0.38455
-0.50158
-0.17881
-0.18675
-0.28198
-0.35393
-0.34113
-0.44274
-0.084681
-0.10319
-0.15367
-0.31166
0.14144
0.069562
-0.088968
-0.023328
0.066934
-0.032156
0.02789
0.064825
0.22122
0.17981
0.14552
0.32235
0.18257
0.4796
0.12436
0.11012
0.21628
0.14753
0.26198
0.35637
0.48495
0.29062
0.11327
0.24462
0.20333
0.31937
0.1506
0.17746
0.032785
0.12101
-0.12757
0.22261
0.19137
-0.070844
0.028109
-0.014477
-0.11658
-0.24073
-0.30136
-0.2691
-0.20696
-0.46244
-0.058317
-0.29375
-0.066832
-0.29333
-0.35944
-0.13236
-0.52228
-0.26999
-0.22085
-0.24799
-0.27451
-0.49969
-0.131
-0.33009
-0.25512
-0.16709
-0.23286
-0.24649
-0.093918
-0.078957
-0.15055
-0.014829
0.075533
0.211
0.16536
0.086972
0.024921
6.6308e-005
0.077944
0.20934
-0.050419
0.19093
0.11754
0.2481
0.34231
0.37252
0.23024
0.48528
0.39554
0.26483
0.30175
0.22054
0.66246
0.27912
0.51676
0.49035
0.39852
0.15179
0.43453
0.3085
0.1116
0.21631
0.30228
0.35306
0.24895
0.32882
0.15381
0.1656
0.023259
0.17338
-0.10676
-0.034945
0.012451
0.27672
0.01218
-0.12223
-0.29582
-0.25315
0.03887
-0.18835
-0.18199
-0.28606
-0.18703
-0.33699
-0.13652
-0.45889
-0.40501
-0.3328
-0.46026
-0.54259
-0.37405
-0.37929
-0.22527
-0.46879
-0.53485
-0.46954
-0.40904
-0.28139
-0.46502
-0.37451
-0.40842
-0.24
-0.10051
-0.31427
-0.43056
-0.21583
-0.21869
-0.18185
-0.29053
-0.31457
-0.21243
-0.31557
-0.15772
0.034968
-0.24061
-0.089224
-0.044679
-0.10492
0.012032
-0.067549
-0.060331
-0.083547
-0.082084
0.14934
0.13177
0.17276
-0.048831
0.2304
0.11835
0.3442
-0.054799
0.27445
0.18347
0.25925
0.26105
0.33289
0.4263
0.21964
0.033445
0.38465
0.43098
0.13186
0.47859
0.47442
0.31809
0.43805
0.1738
0.47412
0.46385
0.3458
0.41242
0.47053
0.51044
0.48276
0.53921
0.66537
0.4153
0.47295
0.45247
0.28112
0.50479
0.21573
0.17183
0.21413
0.224
0.33592
0.25368
0.31556
0.14039
0.073015
0.33638
0.13382
0.13718
0.055421
-0.034975
0.15983
0.048734
-0.03504
0.26329
0.052352
-0.10673
0.042803
-0.18361
0.0041856
0.25806
-0.27081
-0.16091
-0.22705
-0.22729
-0.44894
-0.11431
-0.096314
-0.25817
-0.11916
-0.25813
-0.32627
-0.1841
-0.15738
-0.20059
-0.37774
-0.29391
-0.52205
-0.42813
-0.29596
-0.23843
-0.69671
-0.19127
-0.1869
-0.59269
-0.34688
-0.31918
-0.50091
-0.45761
-0.22602
-0.3717
-0.48725
-0.38256
-0.45076
-0.46379
-0.28968
-0.55591
-0.49681
-0.33945
-0.57798
-0.21495
-0.23325
-0.18807
-0.3758
-0.43394
-0.16774
-0.43615
-0.31869
-0.47286
-0.53355
-0.40803
-0.13479
-0.22193
-0.16504
-0.42334
-0.060395
-0.3831
-0.23037
-0.039837
-0.11004
0.14559
-0.48186
0.0084131
-0.091723
-0.075238
-0.11686
-0.13897
-0.067801
-0.29884
0.045045
-0.18517
-0.048784
-0.029101
-0.061465
0.15297
0.18517
0.017474
-0.0064629
0.22457
0.10227
0.028097
-0.057374
0.13358
-0.058856
0.0023254
0.18579
-0.055741
0.15072
0.094809
0.098243
0.27175
0.25155
0.076541
0.15139
0.56466
0.278
0.35794
0.29553
0.30983
0.39266
0.53994
0.47561
0.41764
0.30186
0.526
0.27661
0.82704
0.57179
0.37728
0.23638
0.34174
0.5024
0.6079
0.23474
0.41909
0.35616
0.64422
0.59113
0.36195
0.35625
0.54207
0.62156
0.52008
0.56481
0.56028
0.75889
0.60681
0.54469
0.47584
0.47489
0.31402
0.48519
0.37077
0.39899
0.21663
0.46459
0.53047
0.2492
0.30564
0.24497
0.22443
0.60737
0.28249
0.36764
0.29507
0.18419
0.24544
0.30365
0.17438
0.1633
0.18083
0.25716
0.24635
0.30399
0.26319
0.18912
0.27547
0.30344
0.11144
0.078052
0.23256
0.28086
0.25113
0.079074
0.21884
0.29775
0.1524
0.086994
0.15954
0.19134
0.22848
0.0035788
-0.02956
-0.12343
0.0094062
-0.10373
-0.026976
-0.018793
-0.26085
-0.0058297
0.0031826
-0.0048335
-0.0265
-0.14819
-0.28782
-0.18004
-0.098089
-0.033443
-0.20913
-0.23862
-0.15088
-0.2774
-0.25261
-0.30219
-0.23583
-0.1
-0.10211
-0.16528
-0.1809
-0.40769
-0.45671
-0.26462
-0.36883
-0.31729
-0.24874
-0.22488
-0.31462
-0.3435
-0.28087
-0.16749
-0.2211
-0.42944
-0.38078
-0.50858
-0.30534
-0.3836
-0.5161
-0.44285
-0.42705
-0.3517
-0.22679
-0.34791
-0.7035
-0.44975
-0.2692
-0.39557
-0.35402
-0.62728
-0.4635
-0.57394
-0.41112
-0.62486
-0.40563
-0.311
-0.4778
-0.31995
-0.47855
-0.52869
-0.23058
-0.36286
-0.33305
-0.15095
-0.4198
-0.47877
-0.46404
-0.40943
-0.32492
-0.45686
-0.44654
-0.41852
-0.37833
-0.40029
-0.54026
-0.30227
-0.52286
-0.53172
-0.3123
-0.46573
-0.32469
-0.42947
-0.31088
-0.69712
-0.29856
-0.40754
-0.29975
-0.11305
-0.26997
-0.38245
-0.51643
-0.57248
-0.56649
-0.45697
-0.20859
-0.25894
-0.35402
-0.4037
-0.50074
-0.37882
-0.21396
-0.038519
-0.4089
-0.33322
-0.19158
-0.37
-0.33422
-0.47464
-0.1545
-0.089058
-0.082321
-0.33509
-0.26748
-0.008228
-0.31566
-0.20301
-0.17138
-0.13998
-0.083995
-0.29406
-0.18281
-0.15484
-0.23856
-0.15689
-0.16184
0.039801
-0.056117
-0.23706
-0.25541
-0.1368
-0.06388
-0.068846
-0.029819
-0.19012
0.027966
0.039317
-0.18062
-0.11413
-0.058047
-0.07728
0.086899
-0.15506
-0.076769
-0.017409
-0.11953
-0.073152
-0.015081
-0.15201
-0.15494
-0.13025
0.27868
0.14971
0.12289
0.055389
0.31824
0.24304
0.046881
0.19463
0.17403
0.27407
0.34743
0.094372
0.17198
0.17474
0.28381
0.21416
0.034569
0.31225
0.27793
0.27717
0.18702
0.13894
0.32456
0.25142
0.31625
0.31422
0.24558
0.23045
0.22956
0.15269
0.51236
0.15875
0.33513
0.3321
0.42818
0.14915
0.46335
0.41982
0.46982
0.29444
0.57284
0.31224
0.32242
0.29871
0.36861
0.45589
0.37672
0.64042
0.43078
0.21224
0.55899
0.58977
0.37688
0.45869
0.41572
0.65609
0.25292
0.4485
0.49686
0.31444
0.42874
0.35575
0.35412
0.48381
0.46909
0.42229
0.35801
0.28478
0.36525
0.36674
0.49535
0.5338
0.39905
0.43467
0.53889
0.34172
0.46159
0.60365
0.41224
0.47127
0.63038
0.4144
0.43589
0.19912
0.35397
0.19237
0.52206
0.49315
0.36337
0.48016
0.26969
0.4809
0.50701
0.56057
0.51613
0.41268
0.58399
0.29708
0.42137
0.49639
0.46732
0.56743
0.56019
0.49149
0.32625
0.46106
0.46213
0.4261
0.52295
0.55377
0.73008
0.51744
0.59702
0.36732
0.50319
0.58114
0.44964
0.51877
0.3247
0.52036
0.50009
0.43444
0.46666
0.30898
0.60864
0.44079
0.37287
0.32576
0.53009
0.38706
0.54496
0.45922
0.087374
0.23468
0.41766
0.35059
0.40036
0.27901
0.31789
0.48934
0.27637
0.26305
0.20478
0.45444
0.17243
0.33157
0.068475
0.38294
0.25188
0.26986
0.23425
0.20831
0.30247
0.093466
0.39743
0.27866
0.088963
0.36633
0.21229
0.111
0.32727
0.13984
0.40897
0.17326
0.43021
0.14136
0.012453
0.1986
0.17846
0.1623
0.51666
0.2455
0.30687
0.26959
0.22876
0.0054145
0.26349
0.22994
0.19524
0.18389
0.24066
0.34079
0.13884
0.15955
0.20858
0.16049
0.16807
0.0049571
-0.013459
0.18276
0.13226
-0.012779
0.15919
0.029302
0.046092
0.29662
0.05875
0.11842
0.17967
0.039562
-0.062527
0.14283
0.14207
0.1716
-0.10432
-0.10179
0.075936
0.00109
-0.12878
0.18353
0.090789
0.019648
-0.10278
-0.013109
0.1351
-0.076066
0.10561
-0.057456
0.025769
-0.089255
-0.038933
-0.12431
-0.12225
-0.049483
0.19861
-0.070456
-0.028672
-0.072264
-0.10848
0.063372
-0.40605
-0.086456
-0.33371
-0.36461
-0.19595
-0.17842
-0.29343
-0.26951
-0.15856
-0.23596
-0.23994
-0.17136
-0.33167
-0.057286
-0.16572
-0.28885
-0.016604
-0.54719
-0.22639
-0.25877
-0.19353
-0.33372
-0.27801
-0.43008
-0.3584
-0.24428
-0.12127
-0.23221
-0.27636
-0.25313
-0.28404
-0.55342
-0.31931
-0.083573
-0.24861
-0.45158
-0.30069
-0.3896
-0.22341
-0.26813
-0.22879
-0.46419
-0.3921
-0.27994
-0.54708
-0.35783
-0.4145
-0.47662
-0.36388
-0.29013
-0.35693
-0.37651
-0.48245
-0.42467
-0.27387
-0.33488
-0.46971
-0.57264
-0.32703
-0.19938
-0.4291
-0.50868
-0.43148
-0.58199
-0.5414
-0.18614
-0.48058
-0.54355
-0.54254
-0.738
-0.38972
-0.50255
-0.6182
-0.46044
-0.42074
-0.37628
-0.60909
-0.38954
-0.30902
-0.32613
-0.3892
-0.24467
-0.37496
-0.5091
-0.72585
-0.39722
-0.43118
-0.47971
-0.39807
-0.3941
-0.51923
-0.27877
-0.39022
-0.41378
-0.42162
-0.46451
-0.44752
-0.66424
-0.48235
-0.52086
-0.47178
-0.6314
-0.61309
-0.51028
-0.60357
-0.4455
-0.49665
-0.52699
-0.7467
-0.48022
-0.47354
-0.52465
-0.29559
-0.63156
-0.43637
-0.58445
-0.68498
-0.70295
-0.37784
-0.56921
-0.55987
-0.57714
-0.52612
-0.47239
-0.49675
-0.45174
-0.43652
-0.79784
-0.57266
-0.55965
-0.50492
-0.4395
-0.23226
-0.59417
-0.46273
-0.32747
-0.45084
-0.35945
-0.52911
-0.5607
-0.30503
-0.60714
-0.60883
-0.46051
-0.31727
-0.54536
-0.62499
-0.46978
-0.49377
-0.3612
-0.55207
-0.54126
-0.59774
-0.43013
-0.37772
-0.626
-0.45898
-0.49934
-0.2305
-0.64837
-0.6121
-0.26142
-0.52293
-0.53779
-0.32498
-0.50698
-0.49998
-0.31733
-0.43215
-0.6149
-0.43281
-0.62104
-0.30149
-0.33837
-0.48632
-0.61084
-0.22795
-0.71025
-0.36117
-0.35886
-0.413
-0.30907
-0.40975
-0.35279
-0.42826
-0.48547
-0.32206
-0.243
-0.48463
-0.57334
-0.71158
-0.4343
-0.21565
-0.2819
-0.57956
-0.49153
-0.52791
-0.4568
-0.37296
-0.36742
-0.39713
-0.3594
-0.21896
-0.2255
-0.44012
-0.325
-0.34993
-0.43883
-0.35684
-0.33522
-0.46505
-0.2296
-0.31575
-0.39524
-0.39684
-0.40139
-0.306
-0.41154
-0.23593
-0.3568
-0.43189
-0.40603
-0.48795
-0.43089
-0.49477
-0.37484
-0.46372
-0.1501
-0.15822
-0.39047
-0.40164
-0.18822
-0.17301
-0.16299
-0.15392
-0.27443
-0.33942
-0.14054
-0.31691
-0.33586
-0.36556
-0.075253
-0.43288
-0.3037
-0.33014
-0.27875
-0.0415
-0.34943
-0.19583
-0.22538
-0.32642
-0.37559
-0.29749
-0.33759
-0.262
-0.20712
-0.43931
-0.17922
-0.31034
-0.27725
-0.17815
-0.30022
-0.14241
-0.14671
-0.1466
-0.42169
-0.3179
-0.1215
-0.13141
-0.20673
-0.14715
-0.24685
0.035229
-0.32462
0.062607
-0.20081
-0.22853
-0.14709
-0.11791
-0.22567
-0.19538
-0.1716
-0.27364
-0.10768
-0.046461
-0.23612
-0.2826
-0.16765
-0.11436
-0.16035
-0.060352
-0.21501
-0.054921
-0.11453
-0.18819
-0.2123
-0.14334
-0.13113
-0.095008
-0.12628
-0.15399
-0.25553
0.10462
-0.16487
-0.010799
-0.12323
-0.11059
0.071974
-0.13011
0.1532
-0.13033
-0.16891
-0.15288
0.043277
-0.21123
-0.066777
-0.14197
0.088337
-0.09009
-0.23449
0.0072476
0.041169
0.035649
-0.082097
-0.10619
0.0027074
0.09084
0.094899
-0.053965
0.063185
-0.0074019
-0.055094
0.052469
0.075396
-0.1032
0.018913
-0.090127
-0.3239
0.019543
-0.11677
-0.13478
0.13062
0.1139
-0.070865
0.030399
0.17101
0.023288
0.12858
0.11734
-0.23959
0.13145
-0.085587
0.24764
-0.14018
-0.06498
0.30844
0.094386
0.20481
0.066048
0.25266
0.043817
0.32574
0.060581
0.13563
0.23849
0.26373
0.014957
0.20125
0.0053765
-0.0034275
0.22656
0.1961
0.37591
0.17167
0.061011
0.0069266
0.053054
0.11511
0.11533
0.29105
0.12366
0.20042
0.2943
0.027541
-0.075804
0.14154
0.18377
0.412
0.26891
0.26611
0.2834
0.27376
0.10288
0.077273
0.040866
0.39595
0.096702
0.09317
0.46851
0.18627
0.24157
0.21107
0.26197
0.21194
0.29871
0.2751
0.090851
0.28095
0.14243
0.3781
0.32582
0.23648
0.25548
0.21454
0.26737
0.38569
0.13256
0.20937
0.33789
0.17974
0.1035
0.37984
0.32197
0.030203
0.096539
0.088431
0.35787
0.33955
0.27273
0.1965
0.35767
0.22863
0.24104
0.16173
0.3156
0.23784
0.33114
0.12405
0.23507
0.22046
0.29987
0.32599
0.20648
0.25228
0.1845
0.46867
0.18119
0.24988
0.41238
0.42623
0.35954
0.28315
0.40067
0.24284
0.32054
0.19318
0.19471
0.46108
0.33764
0.28115
0.33594
0.35955
0.46202
0.29973
0.33726
0.30879
0.31247
0.18865
0.29265
0.40226
0.3067
0.3852
0.42685
0.48002
0.25046
0.40207
0.46824
0.57833
0.40389
0.22514
0.41863
0.17964
0.3863
0.24529
0.42661
0.43225
0.54496
0.44385
0.35414
0.22445
0.24485
0.46245
0.30883
0.2355
0.36717
0.40511
0.54568
0.66778
0.40969
0.557
0.31661
0.19476
0.25521
0.4763
0.066885
0.3756
0.31101
0.47323
0.48818
0.30623
0.2716
0.21122
0.44911
0.50114
0.25251
0.20094
0.23077
0.45523
0.21386
0.45707
0.4364
0.54185
0.55629
0.36778
0.52035
0.41325
0.26976
0.41192
0.37387
0.16217
0.3663
0.36212
0.15177
0.55436
0.34606
0.21089
0.26521
0.45272
0.42768
0.49151
0.19837
0.36185
0.23333
0.24326
0.2654
0.39474
0.55652
0.33312
0.36259
0.32336
0.4362
0.54583
0.25148
0.41445
0.33529
0.28927
0.42991
0.34406
0.21812
0.3798
0.43523
0.38845
0.43652
0.49406
0.38069
0.46211
0.33867
0.54532
0.53534
0.3565
0.34719
0.47019
0.027817
0.48625
0.34418
0.14126
0.43302
0.37237
0.28913
0.43945
0.30951
0.46607
0.5816
0.36998
0.31775
0.55738
0.49073
0.42961
0.47644
0.50249
0.3947
0.42385
0.45119
0.52866
0.38238
0.51161
0.59254
0.54667
0.35321
0.5236
0.43261
0.36643
0.54941
0.63737
0.40058
0.39623
0.67892
0.5312
0.43153
0.49287
0.59075
0.51577
0.58371
0.57458
0.51827
0.26416
0.43754
0.54484
0.22847
0.44718
0.39733
0.45524
0.24352
0.20149
0.32077
0.27297
0.37305
0.40992
0.33803
0.54274
0.40028
0.15479
0.54072
0.17085
0.38405
0.30508
0.54347
0.32952
0.58359
0.32466
0.32166
0.39781
0.3409
0.4475
0.50501
0.4173
0.43944
0.26031
0.42572
0.31347
0.39472
0.17758
0.28946
0.35665
0.41255
0.56427
0.38107
0.36748
0.39379
0.48446
0.59859
0.44332
0.54279
0.52492
0.378
0.22514
0.42711
0.37346
0.43844
0.16684
0.12856
0.4026
0.23557
0.59805
0.31369
0.29127
0.43713
0.3584
0.48273
0.39292
0.44877
0.44246
0.34835
0.55611
0.33257
0.47129
0.28713
0.18817
0.43553
0.52522
0.35325
0.15037
0.68556
0.58084
0.38473
0.42781
0.23418
0.22084
0.22546
0.18334
0.41658
0.35667
0.16925
0.37394
0.29802
0.40699
0.34714
0.31062
0.074739
0.37266
0.30448
0.19836
0.28301
0.43721
0.06423
0.2433
0.38084
0.52315
0.46535
0.2391
0.42338
0.38323
0.20256
0.14458
0.29692
0.12929
0.36158
0.28999
0.31422
0.29452
0.4387
0.3041
0.27723
0.30504
0.27619
0.42947
0.30093
0.30641
0.25337
0.21811
0.14658
0.44906
0.24205
0.26724
0.34711
0.20022
0.40639
0.43188
0.38571
0.24414
0.27269
0.44533
0.35972
0.20414
0.2554
0.49331
0.47942
0.15558
0.19594
0.31987
0.34952
0.25866
0.44927
0.42665
0.42658
0.38873
0.29272
0.30669
0.33934
0.07791
0.27051
0.24332
0.0997
0.20883
0.40241
0.077905
0.36179
0.015311
0.065031
0.339
0.26218
0.28834
0.21853
0.48756
0.27319
0.10837
0.18674
0.25208
0.35628
0.32549
0.14702
0.060587
0.328
0.17505
0.28822
0.097686
0.3947
0.17948
0.24601
0.13061
0.10195
0.41182
0.41297
0.23406
0.34743
0.2003
0.23686
0.22475
0.23157
0.04124
0.17184
0.012814
0.15422
0.33331
0.075735
0.22542
0.51461
0.23397
0.20658
0.25906
0.24475
0.15779
0.27188
0.083098
0.074414
0.46475
0.34257
0.059986
0.14298
0.22649
0.05262
0.24271
0.047189
0.19982
0.27752
0.27917
0.25902
0.01423
-0.032644
0.32917
0.26074
0.18096
0.33374
0.078656
0.24329
0.11039
0.067611
0.068303
0.36747
0.3528
0.19564
0.17756
0.25841
0.03028
0.22687
0.069813
0.17565
0.12262
0.066593
-0.0094593
0.084358
0.28873
0.38903
0.24635
0.29965
0.22785
0.0026645
0.038962
0.37527
0.0351
-0.0053297
0.28263
0.29294
0.078794
0.078973
0.11948
0.33567
-0.026604
0.014875
0.20181
0.15506
0.10407
0.45506
0.12924
0.12493
0.029645
0.15678
0.29553
0.051442
0.034878
-0.036775
0.12342
0.19612
0.24302
0.094552
-0.0067242
-0.086752
-0.087048
0.15052
0.14393
0.17098
0.031121
-0.015096
0.21312
-0.043543
0.11414
-0.050974
0.019459
0.065728
0.21003
0.10415
0.14682
0.048283
0.28004
0.06759
0.10602
0.024668
0.055386
0.3127
0.086021
0.01888
0.10036
-0.083415
0.1483
0.25489
-0.038698
0.056422
0.22124
0.045587
0.21354
-0.11657
0.17749
0.15237
0.14147
0.18455
0.066875
0.14854
0.069131
0.1238
0.090474
0.043269
0.18508
0.012845
-0.19801
0.11545
0.24326
-0.021948
-0.018174
0.11779
0.043909
0.18663
0.013092
0.00024076
0.2205
0.20442
-0.10123
0.28297
-0.20872
0.17551
0.19885
0.090593
-0.087036
0.0013899
-0.062507
0.036462
0.063997
-0.1368
0.057824
-0.3408
-0.021723
-0.032281
0.051893
0.044709
0.076281
0.045931
-0.0075266
0.12256
-0.021007
0.21273
0.11119
0.16158
-0.17933
0.097605
0.10463
0.063625
-0.19674
-0.019494
-0.13127
-0.064079
0.031299
0.31751
-0.047362
-0.10266
-0.10599
0.2837
-0.0098908
-0.080558
0.11155
0.023718
0.087168
-0.05702
-0.23166
0.05051
-0.070096
0.25529
0.097064
0.023402
-0.15449
-0.097914
0.093322
-0.020546
0.13341
0.13334
-0.090867
0.023774
0.092999
0.21361
0.034365
-0.048645
0.046025
0.14646
0.047201
0.068667
0.17192
0.20444
0.22188
0.026962
0.012936
-0.066045
0.27531
-0.012424
-0.019791
-0.042183
0.084634
0.0088071
-0.075365
-0.055337
-0.28227
-0.15348
-0.18985
0.088847
-0.030766
0.20971
-0.15364
0.004491
0.060509
-0.18208
-0.048101
0.044024
0.21606
-0.032238