-1.9781
1.3787
0.27453
0.010487
-0.89958
-1.9578
-2.4784
-0.28477
1.3346
-1.8829
0.1433
-0.24691
-0.46672
1.4522
-1.0663
-1.2672
2.9657
-1.7013
0.63527
1.4572
2.1744
2.0347
0.23175
0.57122
1.0711
2.162
-2.1472
-0.22615
2.9659
1.4738
0.37009
2.2655
1.0916
1.811
-0.64776
-0.20393
2.2566
2.3549
0.85327
0.45455
-0.97662
1.2482
0.67003
1.1123
-2.4416
2.8743
1.2171
-0.87413
2.6263
1.1996
1.6293
-0.345
-0.096487
3.2841
0.9028
0.57472
-0.25876
0.99899
0.46051
1.3813
2.6344
0.46245
0.22757
1.1501
1.0465
3.314
1.0048
1.0886
1.2193
2.0868
0.68607
-0.71435
1.874
1.802
3.116
1.3499
1.1641
0.25335
3.0413
3.0316
2.6313
3.1666
0.6973
3.343
2.8371
1.5169
1.0604
2.0292
1.1261
0.84743
2.5053
3.081
2.3431
2.736
2.2484
2.6072
2.5226
2.4648
1.2421
1.6375
1.671
2.3682
3.4667
2.2742
1.5672
4.2389
2.3929
2.1409
2.5574
4.2542
3.3139
5.1293
2.1564
2.1849
3.7999
2.5885
2.4137
0.95104
3.8888
4.3041
2.9439
2.2053
4.6402
1.6532
3.7064
2.8121
1.2466
2.1746
3.9278
3.5055
4.4334
2.7853
4.9884
2.1606
3.6566
3.318
3.4699
1.5296
3.2858
2.7243
3.1048
4.6149
3.768
3.791
-0.023288
1.0485
5.4548
3.6991
1.7808
4.0728
2.2356
4.7591
1.0858
2.0941
3.7131
4.3665
2.8614
3.8639
3.4654
3.0153
2.7944
2.3943
2.6391
4.4106
3.5338
2.2787
4.0126
2.1469
2.8325
3.9836
2.8902
2.7421
3.9456
3.7134
3.4518
2.8861
5.2626
5.7993
5.8245
3.3057
3.9366
1.3861
4.7321
4.863
3.8742
3.7056
3.7689
4.3291
4.4137
3.7541
2.884
4.7287
3.2167
5.1142
4.1268
3.0086
1.791
2.338
3.2406
3.5854
3.7374
2.2981
2.3392
3.2545
4.0174
1.8297
3.3518
3.4526
1.3215
0.92656
3.4888
4.8714
3.6136
4.7294
4.7924
5.4738
3.5253
2.7103
5.5757
5.5955
3.386
4.4668
3.1617
5.397
3.3388
4.4887
4.5666
2.5439
3.531
3.7919
3.5366
2.482
2.2993
2.8605
5.2397
3.6953
2.7708
2.4236
3.3783
4.8439
4.0021
3.6855
4.9319
3.1215
4.9154
5.0011
4.5841
2.9389
3.5284
3.6994
2.9495
4.8868
1.4701
6.2197
2.8279
5.5794
5.2833
2.4409
4.1479
4.7862
2.0574
2.661
2.6017
3.9013
5.356
5.0146
3.4977
3.035
3.4719
2.4465
4.2727
4.9209
4.6546
4.1968
3.7497
3.6024
4.4431
3.3193
2.3827
2.7384
3.9232
0.64525
5.798
2.3135
5.526
4.2352
2.5553
1.9206
4.3226
6.2148
4.205
4.7006
1.9842
5.1157
5.6063
4.3894
3.9847
3.3917
2.9312
3.9607
3.8774
4.0789
2.783
2.7797
5.4101
4.6239
2.3059
0.99894
4.6017
4.0732
1.5287
3.7126
3.4522
5.2332
0.51931
2.2379
3.18
4.1023
2.761
2.5023
3.4092
5.2214
5.8349
4.9826
5.1273
3.8021
2.7871
2.7297
3.4599
2.7136
4.2171
5.0938
2.8931
3.9779
3.8169
3.4893
4.7974
3.6842
4.7454
4.9375
3.1263
1.1192
3.6322
2.3043
4.2878
4.1283
4.5161
3.7323
3.0932
3.6583
4.2481
2.3662
2.8401
3.0014
0.4325
3.5338
1.7497
4.6126
4.5411
2.2602
4.6205
0.94132
3.5883
1.7709
3.6612
3.2283
1.758
5.3454
3.075
3.2318
5.1491
3.4235
0.38933
4.2755
2.1949
3.4145
0.44847
3.9388
3.0383
3.8114
3.2849
1.3556
2.6767
2.3137
2.5337
5.1072
0.77451
1.8297
2.9446
1.1919
-0.045408
3.1281
1.6707
3.019
2.189
1.9249
2.8515
1.3297
1.2265
1.1784
2.7465
3.8655
2.6775
4.2759
2.6637
2.2647
3.1153
0.1896
3.4993
1.6206
1.0048
2.0101
2.195
2.5676
0.38505
1.7394
2.0647
2.164
2.0321
2.9169
2.2119
3.5709
4.5927
1.6838
1.2212
1.5858
2.0318
3.8675
0.89559
0.52017
2.7591
3.4379
1.2856
2.0728
-2.5826
1.7619
0.66171
1.1448
0.84861
0.70439
0.26701
3.1188
3.504
1.4552
0.52936
2.9112
1.0474
0.7148
1.6262
3.4973
-0.088327
0.7704
0.81493
-0.076723
2.1082
1.7698
-2.6868
1.415
2.3868
0.33211
-0.035773
0.50808
1.431
2.7801
0.26619
0.85746
-2.8507
1.1753
-0.1666
1.7357
1.08
0.18217
0.22504
0.3803
-0.74009
0.97083
1.0793
-0.23122
-0.00060063
2.3815
2.081
0.85552
2.4207
-0.12546
1.2428
0.087169
1.3493
0.3889
1.3488
1.1172
0.15718
-0.58893
-0.98878
-1.5628
-0.35966
1.2372
0.98885
0.90307
-1.0793
-0.27079
-1.5022
2.6004
-0.73262
1.1523
0.30215
-0.16502
2.6295
-1.1756
0.047442
-0.22191
-1.5787
-0.16758
-0.36355
-0.97146
-0.7765
1.188
-1.432
-0.34901
-0.99243
0.71879
-0.15924
-2.0444
-1.5951
0.7425
0.48503
0.35114
-2.3822
-0.22718
-0.30474
0.39635
-1.7465
-1.6933
-0.50726
-1.1532
1.8526
1.908
1.6083
-2.4577
-0.40608
-0.65228
1.938
-0.065313
0.13884
-1.5307
0.40638
-3.3817
-1.7202
2.3896
0.83628
-1.3497
-0.25618
0.23841
-0.1083
-1.1697
-0.56681
-2.71
-2.6003
-2.094
1.2717
-1.852
-3.6805
-2.0782
-1.4361
-4.1741
-2.885
-1.7954
-0.60988
0.82351
-0.31895
-1.5663
-0.75834
-1.4602
-2.3601
-2.5856
-1.8334
-0.46673
-1.3235
-2.2129
-3.2797
-1.9893
-2.4466
-2.0769
-4.0325
0.80137
-0.60107
-0.82099
-1.799
-2.3839
-3.4829
-2.0774
-3.955
-1.068
-3.6545
-0.70392
-2.1556
-0.22786
-1.7415
-3.8722
-0.69266
-1.6512
-2.2699
-2.2806
-1.9237
-2.1589
-1.1608
-4.161
-3.0161
-1.6258
-2.6609
-2.7691
-2.4508
-1.9324
-1.2473
-1.2987
-4.7396
-2.9799
-4.3885
-3.8712
-4.2592
-3.8679
-4.2446
-5.2606
-2.7542
-7.2654
-4.7304
-5.0061
-4.9506
-5.0503
-2.3539
-7.2899
-4.709
-3.4641
-3.4516
-5.1753
-5.3354
-4.4745
-4.8664
-3.3358
-5.5519
-3.2587
-5.6911
-5.2758
-6.1178
-4.6562
-6.0284
-6.6256
-5.5426
-6.5905
-3.0964
-4.7588
-4.8529
-7.2641
-4.4599
-5.2483
-6.1989
-4.5154
-7.1028
-6.5608
-2.9886
-2.9432
-5.3571
-7.8449
-5.1729
-4.5132
-3.8359
-3.1426
-2.5054
-5.7133
-6.935
-4.6805
-1.9295
-4.3295
-5.828
-5.8166
-3.4718
-5.7325
-5.8066
-5.9711
-3.1562
-5.7445
-7.5264
-5.924
-4.7994
-3.5336
-5.6829
-4.4442
-5.2969
-3.6989
-6.1068
-6.2297
-5.3213
-4.2655
-5.1255
-4.8306
-5.0253
-6.2474
-4.2192
-6.3139
-7.5023
-5.9919
-6.3938
-6.0334
-3.5726
-5.821
-6.9934
-5.5755
-5.8073
-5.1517
-4.3982
-6.9019
-5.2091
-7.7122
-4.4733
-7.4361
-5.7934
-7.772
-5.8589
-6.7683
-4.7788
-5.7599
-5.9641
-5.4379
-5.7687
-8.7476
-6.424
-7.1186
-4.9668
-7.8556
-5.3053
-5.5159
-4.8427
-5.3796
-6.495
-5.4236
-6.9689
-5.9195
-5.6544
-7.6379
-7.5109
-5.2926
-5.1179
-6.9186
-6.7843
-4.9453
-8.2457
-3.7852
-6.4889
-5.9439
-5.9617
-7.3328
-5.8676
-5.8521
-6.4238
-5.8685
-6.5536
-6.6719
-4.7653
-4.2362
-7.0671
-6.2047
-4.5843
-6.4261
-5.6364
-3.904
-7.1952
-6.6483
-6.033
-5.1112
-7.1749
-6.2122
-5.175
-6.2453
-6.5263
-4.9618
-3.4862
-4.8752
-6.5905
-7.6772
-5.3907
-6.7924
-8.4746
-6.3038
-6.5287
-7.7202
-6.067
-6.3299
-4.6343
-5.7117
-6.8024
-5.639
-7.2333
-7.1673
-8.1682
-5.1154
-5.1291
-7.7252
-9.6162
-4.7581
-7.4727
-5.6927
-5.8328
-4.3434
-6.4504
-4.143
-6.952
-6.0665
-5.0487
-5.9005
-4.844
-5.1052
-6.9241
-5.6503
-4.3779
-5.6188
-6.3795
-5.3184
-6.4346
-4.76
-7.7568
-7.5632
-7.2659
-5.8367
-4.8373
-3.3188
-5.4877
-4.4199
-4.5008
-4.426
-4.9528
-4.2769
-4.6521
-5.4005
-5.5684
-7.3056
-3.5121
-4.4913
-4.4728
-5.3628
-5.167
-4.2068
-5.0395
-3.845
-4.8398
-6.1882
-4.9935
-5.7338
-4.3811
-6.6813
-3.5634
-5.028
-5.6352
-4.5612
-4.553
-5.1641
-6.3363
-6.0781
-4.8451
-4.3701
-8.1419
-8.6698
-3.3287
-5.9267
-7.3747
-4.7774
-6.1335
-6.6009
-4.7754
-6.4136
-5.6455
-5.1022
-4.2693
-6.0052
-4.7324
-6.0288
-3.1043
-5.0376
-5.3602
-5.8497
-4.585
-5.4513
-3.5361
-5.2405
-7.2832
-1.0709
-4.879
-7.5822
-4.1467
-4.1802
-4.5175
-5.6771
-5.6589
-6.5733
-3.5512
-3.5722
-5.4585
-4.9723
-3.47
-4.5101
-5.85
-4.4697
-6.2995
-4.1764
-3.1793
-5.3676
-5.5512
-5.816
-5.1136
-4.4421
-4.1148
-3.3455
-2.4087
-3.6584
-3.7621
-4.1296
-4.5629
-3.6558
-2.5276
-3.1264
-6.1026
-5.1144
-3.794
-4.4985
-6.9298
-2.3593
-3.8658
-4.142
-4.2605
-3.9338
-6.5427
-3.9344
-6.6389
-3.4049
-4.221
-4.3499
-4.15
-3.2381
-3.5492
-4.1183
-3.2221
-3.8838
-5.9804
-2.6275
-4.0644
-3.4492
-1.7784
-5.7782
-4.9107
-5.3167
-5.2191
-3.4261
-5.6423
-3.896
-4.094
-3.7861
-3.3366
-2.4779
-5.8397
-3.0783
-3.8963
-1.4589
-4.9324
-4.7299
-4.2229
-3.3039
-6.3015
-3.3133
-2.4939
-1.2012
-0.88244
-3.7186
-2.4538
-4.685
-4.758
-3.6129
-1.9963
-4.4788
0.22493
-4.5743
-1.0828
-3.7424
-5.5203
-2.4611
-1.4034
-4.2307
-3.1571
-3.2693
-3.3639
-2.1828
-1.8566
-2.1719
-3.1304
-0.57411
-3.8724
-2.7814
-2.3925
-2.6063
-1.7854
-2.7907
-3.7583
-2.229
-1.5829
-3.7637
-2.8639
-1.8189
-1.7429
-4.8676
-3.3589
0.20444
-3.0822
-3.6096
-4.1787
-1.9976
-4.8354
-4.42
-1.7151
-3.4301
-0.33448
-1.1395
-3.5558
-0.53016
-1.1605
-1.6797
-1.4723
-3.0304
-2.1764
-3.8221
-1.8833
-2.0869
-2.3667
-2.5407
-3.1029
-1.0008
-0.04195
0.26252
-1.1115
-1.7718
-1.0558
0.14822
-1.4467
-3.177
-2.3766
-2.8953
-2.614
-3.8768
-0.36456
-0.4248
-0.85979
-1.1002
-0.13934
-2.254
-1.2276
-1.7748
-2.7203
-2.0988
-2.4148
-2.6867
-0.92804
-3.3438
1.3247
-1.1333
-1.0274
-0.5638
-0.35799
-2.6037
-0.34082
0.785
-1.3514
0.63082
-1.1366
-0.33441
-2.9208
-3.6337
-2.0918
-1.688
2.1727
-0.23171
-0.7795
-1.9925
-1.0774
-2.1261
-1.7998
-0.72753
0.48763
-2.455
-0.8823
1.7367
-2.569
-1.7519
1.8004
-1.5023
-0.40012
0.10501
0.042604
-0.96425
0.72364
0.77403
0.95656
-0.44869
-1.3307
-0.19988
-0.60073
0.12866
0.27294
-1.1791
-0.30671
0.16157
2.4858
0.14106
-0.39357
0.77646
0.2322
-1.3785
-0.22283
0.58703
0.80965
-1.1927
-0.079729
0.50298
0.33046
0.62491
0.45705
0.083467
0.49652
-0.18659
-0.9453
-3.1651
-0.66465
0.37435
1.1484
-0.098664
2.8238
1.5716
0.52261
0.18685
0.55341
4.0157
1.1195
0.51179
-1.6155
1.6665
2.1503
1.2621
1.4587
0.15212
-0.2449
0.87713
1.1625
1.2308
-1.0516
0.79604
1.5435
0.64154
1.3744
1.2947
1.3649
1.7271
1.5299
1.2838
1.2846
0.51701
0.76641
3.0376
1.5736
1.3966
1.0549
-0.13261
2.4662
-0.56688
-0.38091
-0.014867
2.3249
0.84828
1.7985
2.156
1.7911
1.1711
1.7548
0.6477
1.1464
2.44
1.4589
1.4503
4.7145
4.9506
0.53544
0.72426
1.0011
1.0315
2.3825
1.0549
0.8741
1.8796
0.17638
2.8596
3.2302
-0.24551
-0.088375
1.3341
1.1592
-0.76896
3.5663
-0.87821
1.6503
1.3078
3.7866
2.8847
3.0893
-0.2662
1.4972
3.369
1.6983
1.8382
1.1512
1.8053
0.81986
2.4539
1.3413
1.3361
0.2651
3.5337
1.2519
-0.60253
3.1798
1.8938
2.5903
1.7657
0.326
1.6013
1.8617
2.3412
3.2302
0.52003
0.2689
0.95244
1.8284
3.5122
2.0368
3.4902
1.4112
1.8237
2.5129
2.0072
3.8424
2.6853
3.4902
3.0829
2.4298
1.0965
1.0403
1.688
1.493
1.9902
1.7429
0.30743
-0.24861
1.5343
4.2325
3.6705
2.6599
2.5756
3.1913
1.2033
1.608
1.846
0.44828
0.78822
1.5315
1.6764
0.60935
2.7339
3.2208
0.92275
3.8373
3.2189
3.8366
2.7894
3.6476
0.93076
3.5102
0.99128
2.5755
1.5246
1.4069
4.0106
1.3244
0.52965
0.98364
1.8903
-0.029879
3.3856
4.0228
1.0934
1.1071
-0.22662
1.5092
1.9371
3.7417
1.1181
4.6589
2.6233
2.2171
3.4953
1.3092
2.2346
2.7758
2.2691
1.775
3.1844
-0.63303
3.249
2.8994
2.0548
1.7904
0.89092
2.7251
3.7218
0.51796
0.048792
1.3771
2.1667
2.3924
0.99336
1.8904
2.8989
1.6379
4.3577
1.0711
2.6271
0.80986
1.9473
1.2626
2.753
0.83341
2.0881
2.009
3.1702
2.0876
1.5882
-0.91692
0.61009
1.3968
1.8191
2.667
1.3668
0.98548
1.5795
3.6779
2.8355
1.5924
1.5454
1.148
2.6567
3.672
1.8954
1.6841
0.60466
1.0762
0.42512
3.258
2.2221
0.51866
-1.7221
2.151
1.7304
1.4443
1.1834
-0.23354
2.3544
1.7664
0.47548
1.8165
-1.0602
1.4877
0.81276
0.47275
1.7707
0.68039
0.29675
0.89549
0.55458
0.11976
-1.7303
-1.2803
0.65549
0.6743
1.4347
2.9937
0.58273
2.6002
2.6482
1.5335
1.3144
-0.7026
1.9842
-0.19741
3.2848
-0.25587
0.77589
0.41868
0.16545
3.0581
-0.081512
0.16567
-0.89461
0.71897
1.7472
0.34177
2.787
1.7818
0.4677
-0.51853
-0.078699
-0.94151
-0.54133
2.0643
1.0926
0.80356
1.305
0.67264
1.6761
-0.67692
-0.50973
1.3891
2.8994
-0.050119
1.2633
2.3068
1.6204
1.5361
0.6974
0.79915
0.020189
-1.4805
1.5026
2.5392
0.4297
0.88935
0.78691
-2.1413
1.1669
-0.92162
0.19093
0.035189
2.174
-0.15689
-1.8423
1.1187
1.1785
1.7587
1.344
1.3466
0.1239
-0.42633
-1.1349
0.023552
-0.66679
-0.64072
-1.6662
0.15421
-1.044
-1.0852
-0.31713
2.0605
-1.5164
-3.6306
-1.1312
1.5611
-0.35565
-0.77077
1.4598
-1.526
-0.59423
-0.14639
0.10492
1.518
1.3796
1.589
2.2056
0.67342
3.6074
-0.95792
1.3323
0.73527
1.158
2.4519
-0.43516
0.99149
2.2986
1.0392
-0.52231
2.5406
0.38779
1.0294
2.3448
2.2411
0.9961
0.41368
-0.033629
2.6383
-0.66952
0.311
1.3818
1.63
-0.42415
0.62106
-1.6101
3.6975
-0.43328
1.9277
-0.26854
0.7448
0.046317
1.6898
2.1712
0.32561
0.18027
0.1054
-0.28688
-1.9522
-0.38408
-2.5415
-0.08425
-0.48911
0.54407
-0.35644
0.73622
-1.2045
-0.65607
0.04865
-1.0266
-0.033095
1.5892
0.85628
0.088539
-1.5568
-2.7613
0.15135
-1.059
-0.068364
-0.49028
-1.1236
1.5915
-0.82361
1.6459
-0.44389
-0.04173
0.057955
-0.022663
-0.99551
-0.207
0.065289
-0.46343
0.29811
0.78141
-0.01255
0.57239
-0.16222
-0.012708
0.11149
-1.0869
0.70055
0.54307
-0.8107
-1.7285
-0.54353
0.16959
0.68761
-1.9829
-0.23873
0.27264
-0.51601
-1.3312
1.0243
-1.9155
-0.17454
0.76256
-1.0118
-0.5919
0.40589
-2.3707
-1.8699
-0.072588
-0.41723
-1.9991
-2.4358
-1.4929
-1.7009
-0.56245
-1.5841
-1.8947
0.76244
-1.6372
-0.37449
1.5792
-1.0599
-1.0284
-4.4169
-1.9362
-1.2246
-1.161
-1.739
-0.87703
-0.82925
-2.8097
-0.38617
-0.56533
-3.5033
-0.94338
-1.926
0.73612
-1.0959
-2.0908
-0.83444
-1.3065
-2.4033
-1.0125
-1.4127
-3.9908
-0.3454
-3.7103
-0.89444
-0.87568
-2.5483
-3.1701
1.2018
-3.4223
-0.45171
-2.897
-2.0432
-3.198
-1.5275
-3.4443
-2.7541
-2.7173
0.27628
-3.3017
-1.8945
-4.3114
-4.0573
-1.8468
-0.65682
-4.0055
-2.2995
-2.1708
-5.0373
-2.2953
-3.2243
-2.1457
-0.41638
-2.7916
-1.8981
-1.2435
-5.2511
-1.7976
-0.56463
-3.3199
-1.3938
-3.2614
-1.4882
-1.4357
-3.0844
-2.913
-3.3659
-2.7544
-2.3115
-1.0718
-1.2538
-3.1685
-2.7945
-1.9968
-2.59
-2.1587
-3.1919
-1.9706
-4.2575
-3.6564
-3.6
-3.6839
-4.5345
-4.0558
-2.8521
-0.93268
-3.4845
-4.6648
-3.8647
-5.2801
-1.1869
-2.8557
-3.0803
-3.812
-4.331
-1.7374
-1.3947
-3.8584
-2.9509
-3.7125
-5.4205
-3.5319
-3.8124
-1.7242
-4.9958
-4.4085
-4.4469
-3.7871
-3.8697
-2.0023
-2.6535
-1.1188
-1.8792
-1.6981
-4.03
-2.6691
-2.9796
-2.2493
-2.9596
-5.2998
-3.8559
-3.2564
-2.8165
0.59961
-3.6142
-4.6473
-5.8466
-5.7188
-4.5916
-4.3066
-3.1297
-4.0798
-4.1271
-2.0743
-1.6779
-0.34073
-4.2508
-2.7543
-4.0426
-2.2389
-2.6143
-4.9178
-4.7305
-3.5567
-2.8074
-2.7584
-2.5039
-2.4541
-2.5899
-2.814
-3.8026
-4.1954
-3.6529
-3.6333
-4.6968
-2.5343
-2.6693
-4.5203
-3.1782
-2.7956
-3.5486
-3.315
-3.7565
-3.6678
-5.2963
-5.786
-4.4864
-6.717
-3.3065
-5.4205
-1.8251
-2.3499
-4.6982
-3.0737
-3.3069
-4.1243
-6.5424
-2.8579
-3.1177
-4.1347
-3.7758
-4.3404
-5.3522
-3.5243
-1.9708
-3.1493
-2.113
-2.0159
-3.0991
-6.2074
-2.6575
-4.7528
-5.7476
-2.3017
-5.7543
-2.0851
-3.3555
-3.9501
-3.6333
-3.5457
-3.2384
-4.9125
-3.5083
-3.5992
-3.3919
-2.9899
-3.3493
-4.422
-3.0657
-2.8411
-4.1453
-4.1183
-5.6726
-4.1025
-3.6104
-4.7936
-2.3301
-5.0579
-3.3449
-4.0969
-4.846
-5.3724
-3.1482
-3.2873
-2.918
-5.9766
-5.2088
-6.6761
-4.2954
-6.7093
-5.9323
-3.464
-5.5088
-4.7896
-5.0721
-3.7506
-2.0006
-3.1855
-4.8858
-5.6526
-1.4821
-3.8182
-4.2596
-5.1314
-4.0277
-3.4145
-3.5994
-2.0684
-5.4452
-2.5063
-4.1825
-4.3357
-2.2394
-3.0884
-1.8155
-2.7986
-4.9353
-4.933
-2.2248
-3.3794
-1.6526
-3.7575
-3.1116
-5.1969
-2.8183
-3.8892
-4.9459
-3.6815
-3.7993
-4.1915
-3.9679
-4.8149
-2.9198
-2.3847
-2.0654
-3.3084
-4.2718
-1.7827
-2.9399
-3.6092
-2.9919
-4.3828
-4.5544
-3.3575
-3.7234
-5.9926
-2.9779
-5.195
-2.4594
-4.6927
-5.5349
-1.3119
-2.591
-2.6279
-2.4575
-1.5237
-4.5834
-1.1869
-4.2953
-1.6684
-2.6053
-5.444
-2.9818
-1.2449
-1.3964
-1.3543
-2.2406
-2.6596
-1.8579
-4.8895
-4.8223
-3.6528
-3.1354
-3.7094
-3.0642
-4.624
-4.1995
-5.2717
-2.7238
-2.2182
-3.7314
-5.1533
-3.4257
0.096253
-4.2027
-1.4748
-1.1135
-3.0324
-2.2933
-3.3553
-2.9214
-0.93761
-3.0551
-2.5303
-3.6861
-4.486
-2.5497
-3.1629
-2.2152
-1.2643
-1.8022
-2.341
-1.5434
-3.2579
-1.011
-0.2243
-0.5461
-2.0909
-2.1388
-3.5896
-2.3246
-3.4734
-2.8961
-2.0565
-1.615
-3.953
-0.4528
-3.8372
-1.5565
-3.0179
-2.0318
-2.3284
-0.94763
-1.936
0.51267
-1.683
-2.6052
0.032087
-3.2585
-0.82243
-0.7289
-1.4446
-1.0097
-3.4973
-3.5419
-2.6879
-0.87701
-4.3224
-1.7538
-0.33082
-1.6668
-1.1864
-3.1019
-2.5145
-1.0876
-2.1254
0.33976
-1.4538
-2.3332
0.28434
-3.8651
-0.40169
-2.523
-0.0084296
-1.152
0.59608
-1.4874
-0.50727
-0.11667
-0.95826
-1.3914
-0.1446
-1.3818
-0.52666
-0.29622
0.7713
-0.22182
-3.268
-3.8756
-1.8579
0.1544
-2.1244
-2.7242
-2.0357
-2.1913
-2.2721
1.9914
-2.9969
0.19066
-1.7058
-0.93837
-0.15048
-2.112
-2.6123
-0.36174
0.13498
-1.5823
-1.368
-1.8073
-0.52275
-2.2528
0.03837
-1.7127
-1.1156
0.76857
-0.75516
0.82891
-0.66263
1.1928
0.13127
-0.041007
-0.73506
-1.8784
1.4495
-0.03343
0.4293
-1.6856
1.0283
1.3646
-1.1311
1.4252
0.78705