0.19325
0.25257
0.31165
0.37042
0.42878
0.48665
0.54393
0.60055
0.65642
0.71145
0.76557
0.81869
0.87076
0.92171
0.97147
1.02
1.0673
1.1132
1.1579
1.2012
1.2431
1.2837
1.323
1.361
1.3976
1.4331
1.4673
1.5004
1.5325
1.5635
1.5936
1.6229
1.6515
1.6793
1.7067
1.7335
1.76
1.7863
1.8124
1.8385
1.8646
1.8908
1.9173
1.9442
1.9714
1.9992
2.0274
2.0563
2.0859
2.1161
2.1471
2.1789
2.2114
2.2446
2.2787
2.3135
2.349
2.3852
2.4221
2.4596
2.4976
2.5362
2.5752
2.6145
2.6542
2.6941
2.7342
2.7743
2.8145
2.8546
2.8945
2.9342
2.9736
3.0126
3.0512
3.0893
3.1269
3.1639
3.2002
3.2359
3.2709
3.3051
3.3387
3.3715
3.4035
3.4348
3.4655
3.4954
3.5246
3.5532
3.5811
3.6085
3.6353
3.6616
3.6874
3.7127
3.7376
3.7621
3.7863
3.8101
3.8336
3.8569
3.8798
3.9025
3.925
3.9472
3.9691
3.9908
4.0122
4.0334
4.0542
4.0746
4.0947
4.1143
4.1334
4.152
4.17
4.1874
4.204
4.2199
4.2349
4.2489
4.262
4.274
4.2849
4.2946
4.3031
4.3103
4.3162
4.3206
4.3237
4.3253
4.3254
4.324
4.3212
4.3168
4.3109
4.3035
4.2947
4.2843
4.2726
4.2594
4.2449
4.2291
4.2121
4.1939
4.1746
4.1542
4.1328
4.1106
4.0875
4.0636
4.0391
4.014
3.9884
3.9624
3.936
3.9094
3.8825
3.8555
3.8284
3.8012
3.7741
3.7471
3.7201
3.6933
3.6667
3.6402
3.614
3.5879
3.5621
3.5365
3.5112
3.486
3.4611
3.4363
3.4117
3.3872
3.3628
3.3385
3.3142
3.29
3.2656
3.2412
3.2167
3.192
3.1671
3.1419
3.1164
3.0906
3.0644
3.0378
3.0107
2.983
2.9549
2.9262
2.8968
2.8668
2.8361
2.8047
2.7726
2.7397
2.7059
2.6714
2.636
2.5998
2.5626
2.5246
2.4856
2.4457
2.4048
2.3629
2.32
2.2762
2.2313
2.1854
2.1385
2.0905
2.0415
1.9915
1.9405
1.8885
1.8355
1.7815
1.7266
1.6707
1.614
1.5563
1.4979
1.4387
1.3788
1.3181
1.2569
1.1952
1.1329
1.0702
1.0072
0.944
0.88059
0.81709
0.75359
0.69019
0.62697
0.56402
0.50143
0.43929
0.37769
0.31671
0.25642
0.1969
0.13822
0.080437
0.023614
-0.032206
-0.086983
-0.14069
-0.1933
-0.2448
-0.2952
-0.34451
-0.39274
-0.43994
-0.48615
-0.53142
-0.57581
-0.61942
-0.66233
-0.70464
-0.74646
-0.7879
-0.82909
-0.87016
-0.91125
-0.95251
-0.99407
-1.0361
-1.0787
-1.1221
-1.1664
-1.2117
-1.2583
-1.3061
-1.3555
-1.4064
-1.459
-1.5133
-1.5696
-1.6279
-1.6882
-1.7505
-1.8151
-1.8818
-1.9506
-2.0217
-2.0948
-2.1702
-2.2476
-2.327
-2.4083
-2.4915
-2.5764
-2.6629
-2.7509
-2.8403
-2.9309
-3.0225
-3.1149
-3.2081
-3.3018
-3.3958
-3.49
-3.5841
-3.678
-3.7715
-3.8644
-3.9566
-4.0478
-4.1379
-4.2267
-4.3141
-4.3999
-4.484
-4.5663
-4.6466
-4.7248
-4.8008
-4.8746
-4.946
-5.015
-5.0816
-5.1457
-5.2072
-5.2661
-5.3225
-5.3763
-5.4275
-5.4762
-5.5223
-5.566
-5.6072
-5.646
-5.6825
-5.7166
-5.7486
-5.7784
-5.8061
-5.8318
-5.8555
-5.8775
-5.8976
-5.9161
-5.9329
-5.9483
-5.9622
-5.9748
-5.9862
-5.9964
-6.0056
-6.0137
-6.021
-6.0274
-6.0332
-6.0383
-6.0428
-6.0468
-6.0504
-6.0537
-6.0567
-6.0595
-6.0622
-6.0648
-6.0674
-6.07
-6.0728
-6.0756
-6.0786
-6.0819
-6.0854
-6.0891
-6.0932
-6.0976
-6.1023
-6.1074
-6.1127
-6.1184
-6.1244
-6.1307
-6.1373
-6.1441
-6.151
-6.1582
-6.1653
-6.1726
-6.1797
-6.1868
-6.1937
-6.2003
-6.2065
-6.2123
-6.2176
-6.2223
-6.2262
-6.2294
-6.2316
-6.2328
-6.2329
-6.2319
-6.2296
-6.2259
-6.2208
-6.2141
-6.2059
-6.1961
-6.1845
-6.1712
-6.1561
-6.1392
-6.1204
-6.0998
-6.0773
-6.0529
-6.0267
-5.9986
-5.9687
-5.9371
-5.9037
-5.8686
-5.832
-5.7938
-5.7541
-5.713
-5.6707
-5.6271
-5.5824
-5.5367
-5.49
-5.4425
-5.3943
-5.3454
-5.2961
-5.2462
-5.1961
-5.1457
-5.0951
-5.0444
-4.9937
-4.943
-4.8925
-4.8422
-4.792
-4.7422
-4.6926
-4.6434
-4.5945
-4.5461
-4.4979
-4.4502
-4.4029
-4.3559
-4.3093
-4.263
-4.217
-4.1713
-4.1258
-4.0806
-4.0355
-3.9905
-3.9457
-3.9009
-3.8561
-3.8112
-3.7662
-3.7212
-3.6759
-3.6305
-3.5848
-3.5389
-3.4926
-3.4461
-3.3992
-3.352
-3.3044
-3.2565
-3.2082
-3.1596
-3.1106
-3.0614
-3.0118
-2.9619
-2.9118
-2.8615
-2.811
-2.7603
-2.7095
-2.6586
-2.6077
-2.5568
-2.5059
-2.4552
-2.4046
-2.3542
-2.304
-2.2541
-2.2046
-2.1554
-2.1066
-2.0583
-2.0104
-1.9631
-1.9162
-1.8699
-1.8242
-1.7791
-1.7345
-1.6906
-1.6472
-1.6044
-1.5621
-1.5205
-1.4793
-1.4386
-1.3985
-1.3587
-1.3194
-1.2804
-1.2418
-1.2034
-1.1653
-1.1273
-1.0894
-1.0516
-1.0138
-0.97601
-0.93806
-0.89995
-0.86161
-0.823
-0.78406
-0.74473
-0.70498
-0.66476
-0.62402
-0.58273
-0.54087
-0.49839
-0.4553
-0.41156
-0.36717
-0.32214
-0.27645
-0.23013
-0.18319
-0.13565
-0.087544
-0.038903
0.01023
0.059808
0.10978
0.16008
0.21065
0.26142
0.31231
0.36325
0.41417
0.46496
0.51556
0.56587
0.61581
0.66528
0.71421
0.76249
0.81006
0.85683
0.90271
0.94764
0.99153
1.0343
1.076
1.1164
1.1556
1.1935
1.23
1.2652
1.2989
1.3313
1.3622
1.3916
1.4197
1.4463
1.4715
1.4954
1.5178
1.539
1.5588
1.5775
1.5949
1.6112
1.6263
1.6405
1.6537
1.6659
1.6773
1.6878
1.6976
1.7067
1.7152
1.7231
1.7304
1.7372
1.7435
1.7494
1.755
1.7601
1.7649
1.7694
1.7736
1.7776
1.7812
1.7846
1.7878
1.7906
1.7933
1.7956
1.7977
1.7995
1.8011
1.8023
1.8032
1.8037
1.804
1.8038
1.8033
1.8024
1.8011
1.7994
1.7973
1.7948
1.7919
1.7886
1.7849
1.7808
1.7763
1.7715
1.7663
1.7608
1.755
1.7489
1.7426
1.7359
1.7291
1.722
1.7147
1.7073
1.6996
1.6918
1.6839
1.6758
1.6675
1.6591
1.6505
1.6418
1.6329
1.6238
1.6145
1.6049
1.5951
1.585
1.5745
1.5636
1.5523
1.5405
1.5281
1.5152
1.5016
1.4873
1.4722
1.4563
1.4396
1.4219
1.4032
1.3836
1.3629
1.3411
1.3183
1.2943
1.2693
1.2432
1.2159
1.1876
1.1583
1.128
1.0967
1.0646
1.0316
0.99788
0.96353
0.92863
0.89328
0.8576
0.82171
0.78573
0.7498
0.71405
0.67863
0.64368
0.60934
0.57577
0.54309
0.51146
0.481
0.45186
0.42415
0.39799
0.37349
0.35075
0.32984
0.31085
0.29382
0.27883
0.26588
0.25501
0.24622
0.23949
0.23481
0.23213
0.2314
0.23255
0.23548
0.24011
0.24632
0.25398
0.26297
0.27313
0.2843
0.29633
0.30903
0.32224
0.33575
0.34939
0.36296
0.37628
0.38914
0.40137
0.41279
0.4232
0.43245
0.44036
0.44678
0.45157
0.45459
0.45571
0.45482
0.45183
0.44664
0.43918
0.4294
0.41725
0.4027
0.38573
0.36634
0.34455
0.32037
0.29384
0.26501
0.23394
0.2007
0.16536
0.12801
0.088758
0.047695
0.0049318
-0.039419
-0.085241
-0.13242
-0.18082
-0.23034
-0.28086
-0.33225
-0.38441
-0.43722
-0.49057
-0.54437
-0.59851
-0.6529
-0.70745
-0.7621
-0.81676
-0.87138
-0.92589
-0.98024
-1.0344
-1.0883
-1.142
-1.1954
-1.2485
-1.3013
-1.3537
-1.4059
-1.4577
-1.5092
-1.5604
-1.6113
-1.662
-1.7123
-1.7625
-1.8123
-1.862
-1.9114
-1.9606
-2.0096
-2.0584
-2.107
-2.1554
-2.2036
-2.2516
-2.2994
-2.3469
-2.3942
-2.4412
-2.4879
-2.5343
-2.5803
-2.626
-2.6712
-2.7159
-2.7602
-2.8039
-2.847
-2.8895
-2.9313
-2.9725
-3.0129
-3.0526
-3.0915
-3.1296
-3.1668
-3.2032
-3.2387
-3.2734
-3.3071
-3.34
-3.372
-3.4032
-3.4335
-3.4629
-3.4915
-3.5193
-3.5463
-3.5726
-3.5981
-3.623
-3.6471
-3.6707
-3.6937
-3.7162
-3.7381
-3.7596
-3.7807
-3.8014
-3.8217
-3.8417
-3.8613
-3.8807
-3.8998
-3.9186
-3.9372
-3.9555
-3.9736
-3.9913
-4.0088
-4.0259
-4.0427
-4.0591
-4.0751
-4.0905
-4.1055
-4.1198
-4.1335
-4.1466
-4.1588
-4.1702
-4.1807
-4.1903
-4.1988
-4.2062
-4.2125
-4.2175
-4.2213
-4.2237
-4.2248
-4.2244
-4.2225
-4.2191
-4.2142
-4.2077
-4.1996
-4.19
-4.1788
-4.1661
-4.1518
-4.136
-4.1187
-4.1
-4.08
-4.0587
-4.0361
-4.0125
-3.9877
-3.962
-3.9354
-3.908
-3.88
-3.8514
-3.8223
-3.7929
-3.7632
-3.7334
-3.7036
-3.6738
-3.6441
-3.6148
-3.5857
-3.5571
-3.529
-3.5015
-3.4746
-3.4484
-3.423
-3.3983
-3.3744
-3.3513
-3.3291
-3.3077
-3.287
-3.2672
-3.2482
-3.2298
-3.2121
-3.1951
-3.1785
-3.1625
-3.1469
-3.1316
-3.1165
-3.1016
-3.0868
-3.072
-3.057
-3.0418
-3.0263
-3.0105
-2.9941
-2.9772
-2.9597
-2.9414
-2.9223
-2.9024
-2.8815
-2.8597
-2.8369
-2.813
-2.788
-2.7618
-2.7346
-2.7062
-2.6766
-2.6459
-2.6141
-2.5811
-2.5471
-2.5119
-2.4758
-2.4386
-2.4005
-2.3614
-2.3215
-2.2808
-2.2393
-2.1971
-2.1542
-2.1107
-2.0666
-2.0219
-1.9768
-1.9312
-1.8852
-1.8388
-1.792
-1.7449
-1.6975
-1.6497
-1.6017
-1.5534
-1.5048
-1.4559
-1.4068
-1.3573
-1.3075
-1.2574
-1.2069
-1.156
-1.1048
-1.0532
-1.0011
-0.94857
-0.89559
-0.84213
-0.78818
-0.73372
-0.67877
-0.62331
-0.56735
-0.51091
-0.45399
-0.39661
-0.33881
-0.28062
-0.22207
-0.16321
-0.10409
-0.044767
0.014698
0.074238
0.13378