0.0982
    0.1963
    0.2943
    0.3921
    0.4896
    0.5869
    0.6838
    0.7804
    0.8764
    0.9719
    1.0669
    1.1611
    1.2547
    1.3476
    1.4396
    1.5307
    1.6210
    1.7102
    1.7984
    1.8856
    1.9716
    2.0564
    2.1400
    2.2223
    2.3032
    2.3828
    2.4609
    2.5376
    2.6127
    2.6862
    2.7582
    2.8284
    2.8970
    2.9638
    3.0288
    3.0920
    3.1534
    3.2128
    3.2703
    3.3259
    3.3794
    3.4309
    3.4803
    3.5277
    3.5729
    3.6160
    3.6568
    3.6955
    3.7320
    3.7662
    3.7981
    3.8278
    3.8551
    3.8801
    3.9028
    3.9231
    3.9411
    3.9567
    3.9699
    3.9807
    3.9892
    3.9952
    3.9988
    4.0000
    3.9988
    3.9952
    3.9892
    3.9807
    3.9699
    3.9567
    3.9411
    3.9231
    3.9028
    3.8801
    3.8551
    3.8278
    3.7981
    3.7662
    3.7320
    3.6955
    3.6568
    3.6160
    3.5729
    3.5277
    3.4803
    3.4309
    3.3794
    3.3259
    3.2703
    3.2128
    3.1534
    3.0920
    3.0288
    2.9638
    2.8970
    2.8284
    2.7582
    2.6862
    2.6127
    2.5376
    2.4609
    2.3828
    2.3032
    2.2223
    2.1400
    2.0564
    1.9716
    1.8856
    1.7984
    1.7102
    1.6210
    1.5307
    1.4396
    1.3476
    1.2547
    1.1611
    1.0669
    0.9719
    0.8764
    0.7804
    0.6838
    0.5869
    0.4896
    0.3921
    0.2943
    0.1963
    0.0982
    0.0000
   -0.0982
   -0.1963
   -0.2943
   -0.3921
   -0.4896
   -0.5869
   -0.6838
   -0.7804
   -0.8764
   -0.9719
   -1.0669
   -1.1611
   -1.2547
   -1.3476
   -1.4396
   -1.5307
   -1.6210
   -1.7102
   -1.7984
   -1.8856
   -1.9716
   -2.0564
   -2.1400
   -2.2223
   -2.3032
   -4.3828
   -4.4609
   -4.5376
   -4.6127
   -4.6862
   -4.7582
   -4.8284
   -4.8970
   -4.9638
   -5.0288
   -5.0920
   -5.1534
   -5.2128
   -5.2703
   -5.3259
   -5.3794
   -5.4309
   -5.4803
   -5.5277
   -5.5729
   -5.6160
   -5.6568
   -5.6955
   -5.7320
   -5.7662
   -5.7981
   -5.8278
   -5.8551
   -5.8801
   -5.9028
   -5.9231
   -5.9411
   -5.9567
   -5.9699
   -5.9807
   -5.9892
   -5.9952
   -5.9988
   -6.0000
   -5.9988
   -5.9952
   -5.9892
   -5.9807
   -5.9699
   -5.9567
   -5.9411
   -5.9231
   -5.9028
   -5.8801
   -5.8551
   -5.8278
   -5.7981
   -5.7662
   -5.7320
   -5.6955
   -5.6568
   -5.6160
   -5.5729
   -5.5277
   -5.4803
   -5.4309
   -5.3794
   -5.3259
   -5.2703
   -5.2128
   -5.1534
   -5.0920
   -5.0288
   -4.9638
   -4.8970
   -4.8284
   -4.7582
   -4.6862
   -4.6127
   -4.5376
   -4.4609
   -4.3828
   -4.3032
   -4.2223
   -4.1400
   -4.0564
   -3.9716
   -3.8856
   -3.7984
   -3.7102
   -3.6210
   -3.5307
   -3.4396
   -3.3476
   -3.2547
   -3.1611
   -3.0669
   -2.9719
   -2.8764
   -2.7804
   -2.6838
   -2.5869
   -2.4896
   -2.3921
   -2.2943
   -2.1963
   -2.0982
   -2.0000
   -1.9018
   -1.8037
   -1.7057
   -1.6079
   -1.5104
   -1.4131
   -1.3162
   -1.2196
   -1.1236
   -1.0281
   -0.9331
   -0.8389
   -0.7453
   -0.6524
   -0.5604
   -0.4693
   -0.3790
   -0.2898
   -0.2016
   -0.1144
   -0.0284
    0.0564
    0.1400
    0.2223
    0.3032
    0.3828
    0.4609
    0.5376
    0.6127
    0.6862
    0.7582
    0.8284
    0.8970
    0.9638
    1.0288
    1.0920
    1.1534
    1.2128
    1.2703
    1.3259
    1.3794
    1.4309
    1.4803
    1.5277
    1.5729
    1.6160
    1.6568
    1.6955
    1.7320
    1.7662
    1.7981
    1.8278
    1.8551
    1.8801
    1.9028
    1.9231
    1.9411
    1.9567
    1.9699
    1.9807
    1.9892
    1.9952
    1.9988
    2.0000
    1.9988
    1.9952
    1.9892
    1.9807
    1.9699
    1.9567
    1.9411
    1.9231
    1.9028
    1.8801
    1.8551
    1.8278
    1.7981
    1.7662
    1.7320
    1.6955
    1.6568
    1.6160
    1.5729
    1.5277
    1.4803
    1.4309
    1.3794
    1.3259
    1.2703
    1.2128
    1.1534
    1.0920
    1.0288
    0.9638
    0.8970
    0.8284
    0.7582
    0.6862
    0.6127
    0.5376
    0.4609
    0.3828
    0.3032
    0.2223
    0.1400
    0.0564
   -0.0284
   -0.1144
   -0.2016
   -0.2898
   -0.3790
   -0.4693
    1.4396
    1.3476
    1.2547
    1.1611
    1.0669
    0.9719
    0.8764
    0.7804
    0.6838
    0.5869
    0.4896
    0.3921
    0.2943
    0.1963
    0.0982
    0.0000
   -0.0982
   -0.1963
   -0.2943
   -0.3921
   -0.4896
   -0.5869
   -0.6838
   -0.7804
   -0.8764
   -0.9719
   -1.0669
   -1.1611
   -1.2547
   -1.3476
   -1.4396
   -1.5307
   -1.6210
   -1.7102
   -1.7984
   -1.8856
   -1.9716
   -2.0564
   -2.1400
   -2.2223
   -2.3032
   -2.3828
   -2.4609
   -2.5376
   -2.6127
   -2.6862
   -2.7582
   -2.8284
   -2.8970
   -2.9638
   -3.0288
   -3.0920
   -3.1534
   -3.2128
   -3.2703
   -3.3259
   -3.3794
   -3.4309
   -3.4803
   -3.5277
   -3.5729
   -3.6160
   -3.6568
   -3.6955
   -3.7320
   -3.7662
   -3.7981
   -3.8278
   -3.8551
   -3.8801
   -3.9028
   -3.9231
   -3.9411
   -3.9567
   -3.9699
   -3.9807
   -3.9892
   -3.9952
   -3.9988
   -4.0000
   -3.9988
   -3.9952
   -3.9892
   -3.9807
   -3.9699
   -3.9567
   -3.9411
   -3.9231
   -3.9028
   -3.8801
   -3.8551
   -3.8278
   -3.7981
   -3.7662
   -3.7320
   -3.6955
   -3.6568
   -3.6160
   -3.5729
   -3.5277
   -3.4803
   -3.4309
   -3.3794
   -3.3259
   -3.2703
   -3.2128
   -3.1534
   -3.0920
   -3.0288
   -2.9638
   -2.8970
   -2.8284
   -2.7582
   -2.6862
   -2.6127
   -2.5376
   -2.4609
   -2.3828
   -2.3032
   -2.2223
   -2.1400
   -2.0564
   -1.9716
   -1.8856
   -1.7984
   -1.7102
   -1.6210
   -1.5307
   -1.4396
   -1.3476
   -1.2547
   -1.1611
   -1.0669
   -0.9719
   -0.8764
   -0.7804
   -0.6838
   -0.5869
   -0.4896
   -0.3921
   -0.2943
   -0.1963
   -0.0982
   -0.0000