0
1.09042
1.70836
1.63287
1.00251
0.219914
-0.289124
-0.320027
0.00502443
0.330075
0.299172
-0.209867
-0.992467
-1.62283
-1.69832
-1.08038
0.0100362
1.10045
1.71839
1.6429
1.01253
0.229929
-0.279114
-0.310022
0.0150226
0.340067
0.309157
-0.199889
-0.982498
-1.61287
-1.68837
-1.07044
0.019971
1.11038
1.72831
1.6528
1.02243
0.239812
-0.269243
-0.300163
0.024869
0.3499
0.318977
-0.190083
-0.972705
-1.60309
-1.6786
-1.06069
0.0297042
1.12009
1.73801
1.66248
1.03209
0.249462
-0.259611
-0.29055
0.0344643
0.359477
0.328534
-0.180545
-0.963188
-1.59359
-1.66913
-1.05123
0.0391374
1.12951
1.7474
1.67185
1.04144
0.258781
-0.250315
-0.281278
0.0437116
0.368699
0.337732
-0.171374
-0.954042
-1.58447
-1.66004
-1.04217
0.0481754
1.13852
1.75638
1.6808
1.05036
0.267677
-0.241449
-0.272442
0.0525175
0.377474
0.346476
-0.162661
-0.945361
-1.57582
-1.65142
-1.03358
0.0567269
1.14703
1.76486
1.68926
1.05878
0.276058
-0.233103
-0.26413
0.060793
0.385714
0.354679
-0.154494
-0.937231
-1.56773
-1.64336
-1.02556
0.0647056
1.15497
1.77277
1.69712
1.0666
0.283841
-0.22536
-0.256428
0.0684547
0.393335
0.362259
-0.146956
-0.929735
-1.56028
-1.63595
-1.0182
0.0720309
1.16226
1.78
1.70431
1.07375
0.290947
-0.218299
-0.249412
0.0754251
0.40026
0.369137
-0.140123
-0.922949
-1.55354
-1.62926
-1.01155
0.0786288
1.16881
1.78651
1.71077
1.08016
0.297304
-0.211992
-0.243154
0.0816339
0.406419
0.375246
-0.134065
-0.91694
-1.54758
-1.62335
-1.0057
0.0844328
1.17456
1.79221
1.71641
1.08575
0.302847
-0.206501
-0.237716
0.0870184
0.41175
0.380524
-0.128841
-0.911771
-1.54246
-1.61829
-1.00069
0.0893841
1.17945
1.79705
1.7212
1.09048
0.307521
-0.201883
-0.233154
0.0915241
0.416199
0.384916
-0.124505
-0.907492
-1.53824
-1.61413
-0.996583
0.0934329
1.18345
1.80098
1.72507
1.0943
0.311279
-0.198183
-0.229514
0.0951057
0.419721
0.38838
-0.121102
-0.904148
-1.53496
-1.6109
-0.993418
0.0965382
1.18649
1.80397
1.728
1.09716
0.314083
-0.195441
-0.226832
0.0977268
0.422281
0.390879
-0.118664
-0.901771
-1.53264
-1.60865
-0.991226
0.0986686
1.18856
1.80597
1.72994
1.09905
0.315904
-0.193682
-0.225135
0.0993611
0.423853
0.392388
-0.117217
-0.900387
-1.53132
-1.60739
-0.990029
0.0998027
1.18963
1.80698
1.73089
1.09993
0.316723
-0.192925
-0.224441
0.0999921
0.424421
0.392893
-0.116775
-0.900008
-1.531
-1.60714
-0.98984
0.0999289
1.18969
1.80698
1.73083
1.0998
0.316534
-0.193177
-0.224757
0.0996134
0.42398
0.392388
-0.117343
-0.900639
-1.5317
-1.6079
-0.990659
0.0990461
1.18875
1.80597
1.72976
1.09867
0.315337
-0.194437
-0.226079
0.0982287
0.422532
0.390879
-0.118915
-0.902273
-1.53339
-1.60965
-0.99248
0.0971632
1.1868
1.80397
1.72769
1.09654
0.313145
-0.19669
-0.228394
0.0958522
0.420095
0.38838
-0.121475
-0.904894
-1.53608
-1.6124
-0.995284
0.0942991
1.18388
1.80098
1.72464
1.09343
0.30998
-0.199916
-0.231679
0.0925077
0.416691
0.384916
-0.124997
-0.908476
-1.53972
-1.6161
-0.999042
0.0904827
1.18
1.79705
1.72065
1.08938
0.305873
-0.20408
-0.2359
0.0882291
0.412355
0.380524
-0.129447
-0.912982
-1.54428
-1.62071
-1.00372
0.0857527
1.17522
1.79221
1.71575
1.08443
0.300867
-0.20914
-0.241016
0.0830596
0.407131
0.375246
-0.134778
-0.918366
-1.54972
-1.62621
-1.00926
0.0801567
1.16957
1.78651
1.71
1.07863
0.295012
-0.215047
-0.246973
0.0770513
0.401073
0.369137
-0.140937
-0.924575
-1.55598
-1.63251
-1.01562
0.0737513
1.16312
1.78
1.70345
1.07203
0.288366
-0.22174
-0.253713
0.070265
0.39424
0.362259
-0.147861
-0.931545
-1.56299
-1.63957
-1.02272
0.0666012
1.15592
1.77277
1.69617
1.06471
0.280998
-0.229151
-0.261166
0.0627691
0.386702
0.354679
-0.155482
-0.939207
-1.57069
-1.64732
-1.0305
0.0587785
1.14806
1.76486
1.68823
1.05673
0.272981
-0.237206
-0.269259
0.0546394
0.378535
0.346476
-0.163722
-0.947483
-1.579
-1.65566
-1.03889
0.0503623
1.13961
1.75638
1.67971
1.04818
0.264397
-0.245823
-0.277908
0.045958
0.369822
0.337732
-0.172497
-0.956288
-1.58784
-1.66453
-1.04778
0.0414376
1.13066
1.7474
1.6707
1.03914
0.255331
-0.254915
-0.287027
0.0368125
0.360651
0.328534
-0.181719
-0.965536
-1.59711
-1.67382
-1.0571
0.0320944
1.12129
1.73801
1.66129
1.0297
0.245876
-0.264391
-0.296524
0.0272952
0.351114
0.318977
-0.191296
-0.975131
-1.60673
-1.68346
-1.06675
0.0224271
1.1116
1.72831
1.65157
1.01997
0.236128
-0.274155
-0.306303
0.0175023
0.341307
0.309157
-0.201129
-0.984977
-1.61659
-1.69333
-1.07663
0.0125333
1.1017
1.71839
1.64165
1.01004
0.226184
-0.284108
-0.316264
0.00753268
0.331329
0.299172
-0.211121
-0.994976
-1.62659
-1.70334
-1.08665
0.00251301
1.09168
1.70836
1.63161
1
0.216144
-0.29415
-0.326308
-0.00251301
0.321282
0.289124
-0.22117
-1.00502
-1.63664
-1.71339
-1.0967
-0.00753268
1.08163
1.69832
1.62158
0.989964
0.206112
-0.304179
-0.336333
-0.0125333
0.311267
0.279114
-0.231174
-1.01502
-1.64663
-1.72337
-1.10667
-0.0175023
1.07167
1.68837
1.61163
0.980029
0.196186
-0.314094
-0.346238
-0.0224271
0.301384
0.269243
-0.241033
-1.02487
-1.65646
-1.73319
-1.11648
-0.0272952
1.06189
1.6786
1.60188
0.970296
0.186469
-0.323795
-0.355922
-0.0320944
0.291735
0.259611
-0.250647
-1.03446
-1.66604
-1.74275
-1.12602
-0.0368125
1.05239
1.66913
1.59243
0.960863
0.177058
-0.333184
-0.365288
-0.0414376
0.282415
0.250315
-0.259918
-1.04371
-1.67526
-1.75195
-1.13519
-0.045958
1.04328
1.66004
1.58336
0.951825
0.168048
-0.342166
-0.374242
-0.0503623
0.273519
0.241449
-0.268754
-1.05252
-1.68404
-1.76069
-1.1439
-0.0546394
1.03463
1.65142
1.57478
0.943273
0.15953
-0.35065
-0.382692
-0.0587785
0.265138
0.233103
-0.277066
-1.06079
-1.69228
-1.76889
-1.15207
-0.0627691
1.02653
1.64336
1.56676
0.935294
0.151589
-0.358552
-0.390555
-0.0666012
0.257355
0.22536
-0.284768
-1.06845
-1.6999
-1.77647
-1.15961
-0.070265
1.01908
1.63595
1.55939
0.927969
0.144307
-0.36579
-0.397749
-0.0737513
0.250249
0.218299
-0.291784
-1.07543
-1.70682
-1.78335
-1.16644
-0.0770513
1.01234
1.62926
1.55275
0.921371
0.137757
-0.372292
-0.404203
-0.0801567
0.243893
0.211992
-0.298042
-1.08163
-1.71298
-1.78946
-1.1725
-0.0830596
1.00638
1.62335
1.54689
0.915567
0.132005
-0.377993
-0.409851
-0.0857527
0.238349
0.206501
-0.30348
-1.08702
-1.71831
-1.79474
-1.17772
-0.0882291
1.00127
1.61829
1.54189
0.910616
0.127109
-0.382834
-0.414637
-0.0904827
0.233675
0.201883
-0.308042
-1.09152
-1.72276
-1.79913
-1.18206
-0.0925077
0.997046
1.61413
1.53778
0.906567
0.123118
-0.386767
-0.418511
-0.0942991
0.229917
0.198183
-0.311682
-1.09511
-1.72628
-1.80259
-1.18546
-0.0958522
0.993761
1.6109
1.53461
0.903462
0.120073
-0.389752
-0.421436
-0.0971632
0.227113
0.195441
-0.314364
-1.09773
-1.72884
-1.80509
-1.1879
-0.0982287
0.991446
1.60865
1.53242
0.901331
0.118004
-0.391758
-0.423381
-0.0990461
0.225293
0.193682
-0.316061
-1.09936
-1.73042
-1.8066
-1.18935
-0.0996134
0.990124
1.60739
1.53123
0.900197
0.116933
-0.392767
-0.424327
-0.0999289
0.224473
0.192925
-0.316755
-1.09999
-1.73098
-1.80711
-1.18979
-0.0999921
0.989808
1.60714
1.53104
0.900071
0.116869
-0.392767
-0.424264
-0.0998027
0.224662
0.193177
-0.316439
-1.09961
-1.73054
-1.8066
-1.18922
-0.0993611
0.990502
1.6079
1.53186
0.900954
0.117815
-0.391758
-0.423192
-0.0986686
0.225859
0.194437
-0.315117
-1.09823
-1.7291
-1.80509
-1.18765
-0.0977268
0.992199
1.60965
1.53368
0.902837
0.11976
-0.389752
-0.421123
-0.0965382
0.228051
0.19669
-0.312802
-1.09585
-1.72666
-1.80259
-1.18509
-0.0951057
0.994881
1.6124
1.53648
0.905701
0.122685
-0.386767
-0.418078
-0.0934329
0.231216
0.199916
-0.309517
-1.09251
-1.72325
-1.79913
-1.18157
-0.0915241
0.998521
1.6161
1.54024
0.909517
0.126559
-0.382834
-0.414087
-0.0893841
0.235323
0.20408
-0.305296
-1.08823
-1.71892
-1.79474
-1.17712
-0.0870184
1.00308
1.62071
1.54491
0.914247
0.131345
-0.377993
-0.409191
-0.0844328
0.240329
0.20914
-0.300181
-1.08306
-1.71369
-1.78946
-1.17179
-0.0816339
1.00852
1.62621
1.55046
0.919843
0.136993
-0.372292
-0.403439
-0.0786288
0.246184
0.215047
-0.294223
-1.07705
-1.70764
-1.78335
-1.16563
-0.0754251
1.01478
1.63251
1.55681
0.926249
0.143447
-0.36579
-0.396889
-0.0720309
0.25283
0.22174
-0.287483
-1.07026
-1.7008
-1.77647
-1.1587
-0.0684547
1.02179
1.63957
1.56392
0.933399
0.150642
-0.358552
-0.389607
-0.0647056
0.260198
0.229151
-0.28003
-1.06277
-1.69327
-1.76889
-1.15108
-0.060793
1.0295
1.64732
1.5717
0.941221
0.158504
-0.35065
-0.381667
-0.0567269
0.268215
0.237206
-0.271937
-1.05464
-1.6851
-1.76069
-1.14284
-0.0525175
1.03781
1.65566
1.58008
0.949638
0.166954
-0.342166
-0.373148
-0.0481754
0.2768
0.245823
-0.263288
-1.04596
-1.67639
-1.75195
-1.13407
-0.0437116
1.04664
1.66453
1.58898
0.958562
0.175908
-0.333184
-0.364138
-0.0391374
0.285865
0.254915
-0.254169
-1.03681
-1.66721
-1.74275
-1.12484
-0.0344643
1.05592
1.67382
1.5983
0.967906
0.185274
-0.323795
-0.354727
-0.0297042
0.29532
0.264391
-0.244672
-1.0273
-1.65768
-1.73319
-1.11527
-0.024869
1.06553
1.68346
1.60795
0.977573
0.194958
-0.314094
-0.34501
-0.019971
0.305068
0.274155
-0.234893
-1.0175
-1.64787
-1.72337
-1.10543
-0.0150226
1.07539
1.69333
1.61783
0.987467
0.204863
-0.304179
-0.335084
-0.0100362
0.315013
0.284108
-0.224932
-1.00753
-1.63789
-1.71339
-1.09544
-0.00502443
1.08539
1.70334
1.62785
0.997487
0.214888
-0.29415
-0.325052
-4.02016e-14
0.325052
0.29415
-0.214888
-0.997487
-1.62785
-1.70334
-1.08539
0.00502443
1.09544
1.71339
1.63789
1.00753
0.224932
-0.284108
-0.315013
0.0100362
0.335084
0.304179
-0.204863
-0.987467
-1.61783
-1.69333
-1.07539
0.0150226
1.10543
1.72337
1.64787
1.0175
0.234893
-0.274155
-0.305068
0.019971
0.34501
0.314094
-0.194958
-0.977573
-1.60795
-1.68346
-1.06553
0.024869
1.11527
1.73319
1.65768
1.0273
0.244672
-0.264391
-0.29532
0.0297042
0.354727
0.323795
-0.185274
-0.967906
-1.5983
-1.67382
-1.05592
0.0344643
1.12484
1.74275
1.66721
1.03681
0.254169
-0.254915
-0.285865
0.0391374
0.364138
0.333184
-0.175908
-0.958562
-1.58898
-1.66453
-1.04664
0.0437116
1.13407
1.75195
1.67639
1.04596
0.263288
-0.245823
-0.2768
0.0481754
0.373148
0.342166
-0.166954
-0.949638
-1.58008
-1.65566
-1.03781
0.0525175
1.14284
1.76069
1.6851
1.05464
0.271937
-0.237206
-0.268215
0.0567269
0.381667
0.35065
-0.158504
-0.941221
-1.5717
-1.64732
-1.0295
0.060793
1.15108
1.76889
1.69327
1.06277
0.28003
-0.229151
-0.260198
0.0647056
0.389607
0.358552
-0.150642
-0.933399
-1.56392
-1.63957
-1.02179
0.0684547
1.1587
1.77647
1.7008
1.07026
0.287483
-0.22174
-0.25283
0.0720309
0.396889
0.36579
-0.143447
-0.926249
-1.55681
-1.63251
-1.01478
0.0754251
1.16563
1.78335
1.70764
1.07705
0.294223
-0.215047
-0.246184
0.0786288
0.403439
0.372292
-0.136993
-0.919843
-1.55046
-1.62621
-1.00852
0.0816339
1.17179
1.78946
1.71369
1.08306
0.300181
-0.20914
-0.240329
0.0844328
0.409191
0.377993
-0.131345
-0.914247
-1.54491
-1.62071
-1.00308
0.0870184
1.17712
1.79474
1.71892
1.08823
0.305296
-0.20408
-0.235323
0.0893841
0.414087
0.382834
-0.126559
-0.909517
-1.54024
-1.6161
-0.998521
0.0915241
1.18157
1.79913
1.72325
1.09251
0.309517
-0.199916
-0.231216
0.0934329
0.418078
0.386767
-0.122685
-0.905701
-1.53648
-1.6124
-0.994881
5.09511
1.18509
1.80259
1.72666
1.09585
0.312802
-0.19669
-0.228051
0.0965382
0.421123
0.389752
-0.11976
-0.902837
-1.53368
-1.60965
-0.992199
0.0977268
1.18765
1.80509
1.7291
1.09823
0.315117
-0.194437
-0.225859
0.0986686
0.423192
0.391758
-0.117815
-0.900954
-1.53186
-1.6079
-0.990502
5.09936
1.18922
1.8066
1.73054
1.09961
0.316439
-0.193177
-0.224662
0.0998027
0.424264
0.392767
-0.116869
-0.900071
-1.53104
-1.60714
-0.989808
0.0999921
1.18979
1.80711
1.73098
1.09999
0.316755
-0.192925
-0.224473
0.0999289
0.424327
0.392767
-0.116933
-0.900197
-1.53123
-1.60739
-0.990124
0.0996134
1.18935
1.8066
1.73042
1.09936
0.316061
-0.193682
-0.225293
0.0990461
0.423381
0.391758
-0.118004
-0.901331
-1.53242
-1.60865
-0.991446
0.0982287
1.1879
1.80509
1.72884
1.09773
0.314364
-0.195441
-0.227113
0.0971632
0.421436
0.389752
-0.120073
-0.903462
-1.53461
-1.6109
-0.993761
0.0958522
1.18546
1.80259
1.72628
1.09511
0.311682
-0.198183
-0.229917
0.0942991
0.418511
0.386767
-0.123118
-0.906567
-1.53778
-1.61413
-0.997046
0.0925077
1.18206
1.79913
1.72276
1.09152
0.308042
-0.201883
-0.233675
0.0904827
0.414637
0.382834
-0.127109
-0.910616
-1.54189
-1.61829
-1.00127
0.0882291
1.17772
1.79474
1.71831
1.08702
0.30348
-0.206501
-0.238349
0.0857527
0.409851
0.377993
-0.132005
-0.915567
-1.54689
-1.62335
-1.00638
0.0830596
1.1725
1.78946
1.71298
1.08163
0.298042
-0.211992
-0.243893
0.0801567
0.404203
0.372292
-0.137757
-0.921371
-1.55275
-1.62926
-1.01234
0.0770513
1.16644
1.78335
1.70682
1.07543
0.291784
-0.218299
-0.250249
0.0737513
0.397749
0.36579
-0.144307
-0.927969
-1.55939
-1.63595
-1.01908
0.070265
1.15961
1.77647
1.6999
1.06845
0.284768
-0.22536
-0.257355
0.0666012
0.390555
0.358552
-0.151589
-0.935294
-1.56676
-1.64336
-1.02653
0.0627691
1.15207
1.76889
1.69228
1.06079
0.277066
-0.233103
-0.265138
0.0587785
0.382692
0.35065
-0.15953
-0.943273
-1.57478
-1.65142
-1.03463
0.0546394
1.1439
1.76069
1.68404
1.05252
0.268754
-0.241449
-0.273519
0.0503623
0.374242
0.342166
-0.168048
-0.951825
-1.58336
-1.66004
-1.04328
0.045958
1.13519
1.75195
1.67526
1.04371
0.259918
-0.250315
-0.282415
0.0414376
0.365288
0.333184
-0.177058
-0.960863
-1.59243
-1.66913
-1.05239
0.0368125
1.12602
1.74275
1.66604
1.03446
0.250647
-0.259611
-0.291735
0.0320944
0.355922
0.323795
-0.186469
-0.970296
-1.60188
-1.6786
-1.06189
0.0272952
1.11648
1.73319
1.65646
1.02487
0.241033
-0.269243
-0.301384
0.0224271
0.346238
0.314094
-0.196186
-0.980029
-1.61163
-1.68837
-1.07167
0.0175023
1.10667
1.72337
1.64663
1.01502
0.231174
-0.279114
-0.311267
0.0125333
0.336333
0.304179
-0.206112
-0.989964
-1.62158
-1.69832
-1.08163
0.00753268
1.0967
1.71339
1.63664
1.00502
0.22117
-0.289124
-0.321282
0.00251301
0.326308
0.29415
-0.216144
-1
-1.63161
-1.70836
-1.09168
-0.00251301
1.08665
1.70334
1.62659
0.994976
0.211121
-0.299172
-0.331329
-0.00753268
0.316264
0.284108
-0.226184
-1.01004
-1.64165
-1.71839
-1.1017
-0.0125333
1.07663
1.69333
1.61659
0.984977
0.201129
-0.309157
-0.341307
-0.0175023
0.306303
0.274155
-0.236128
-1.01997
-1.65157
-1.72831
-1.1116
-0.0224271
1.06675
1.68346
1.60673
0.975131
0.191296
-0.318977
-0.351114
-0.0272952
0.296524
0.264391
-0.245876
-1.0297
-1.66129
-1.73801
-1.12129
-0.0320944
1.0571
1.67382
1.59711
0.965536
0.181719
-0.328534
-0.360651
-0.0368125
0.287027
0.254915
-0.255331
-1.03914
-1.6707
-1.7474
-1.13066
-0.0414376
1.04778
1.66453
1.58784
0.956288
0.172497
-0.337732
-0.369822
-0.045958
0.277908
0.245823
-0.264397
-1.04818
-1.67971
-1.75638
-1.13961
-0.0503623
1.03889
1.65566
1.579
0.947483
0.163722
-0.346476
-0.378535
-0.0546394
0.269259
0.237206
-0.272981
-1.05673
-1.68823
-1.76486
-1.14806
-0.0587785
1.0305
1.64732
1.57069
0.939207
0.155482
-0.354679
-0.386702
-0.0627691
0.261166
0.229151
-0.280998
-1.06471
-1.69617
-1.77277
-1.15592
-0.0666012
1.02272
1.63957
1.56299
0.931545
0.147861
-0.362259
-0.39424
-0.070265
0.253713
0.22174
-0.288366
-1.07203
-1.70345
-1.78
-1.16312
-0.0737513
1.01562
1.63251
1.55598
0.924575
0.140937
-0.369137
-0.401073
-0.0770513
0.246973
0.215047
-0.295012
-1.07863
-1.71
-1.78651
-1.16957
-0.0801567
1.00926
1.62621
1.54972
0.918366
0.134778
-0.375246
-0.407131
-0.0830596
0.241016
0.20914
-0.300867
-1.08443
-1.71575
-1.79221
-1.17522
-0.0857527
1.00372
1.62071
1.54428
0.912982
0.129447
-0.380524
-0.412355
-0.0882291
0.2359
0.20408
-0.305873
-1.08938
-1.72065
-1.79705
-1.18
-0.0904827
0.999042
1.6161
1.53972
0.908476
0.124997
-0.384916
-0.416691
-0.0925077
0.231679
0.199916
-0.30998
-1.09343
-1.72464
-1.80098
-1.18388
-0.0942991
0.995284
1.6124
1.53608
0.904894
0.121475
-0.38838
-0.420095
-0.0958522
0.228394
0.19669
-0.313145
-1.09654
-1.72769
-1.80397
-1.1868
-0.0971632
0.99248
1.60965
1.53339
0.902273
0.118915
-0.390879
-0.422532
-0.0982287
0.226079
0.194437
-0.315337
-1.09867
-1.72976
-1.80597
-1.18875
-0.0990461
0.990659
1.6079
1.5317
0.900639
0.117343
-0.392388
-0.42398
-0.0996134
0.224757
0.193177
-0.316534
-1.0998
-1.73083
-1.80698
-1.18969
-0.0999289
0.98984
1.60714
1.531
0.900008
0.116775
-0.392893
-0.424421
-0.0999921
0.224441
0.192925
-0.316723
-1.09993
-1.73089
-1.80698
-1.18963
-0.0998027
0.990029
1.60739
1.53132
0.900387
0.117217
-0.392388
-0.423853
-0.0993611
0.225135
0.193682
-0.315904
-1.09905
-1.72994
-1.80597
-1.18856
-0.0986686
0.991226
1.60865
1.53264
0.901771
0.118664
-0.390879
-0.422281
-0.0977268
0.226832
0.195441
-0.314083
-1.09716
-1.728
-1.80397
-1.18649
-0.0965382
0.993418
1.6109
1.53496
0.904148
0.121102
-0.38838
-0.419721
-0.0951057
0.229514
0.198183
-0.311279
-1.0943
-1.72507
-1.80098
-1.18345
-0.0934329
0.996583
1.61413
1.53824
0.907492
0.124505
-0.384916
-0.416199
-0.0915241
0.233154
0.201883
-0.307521
-1.09048
-1.7212
-1.79705
-1.17945
-0.0893841
1.00069
1.61829
1.54246
0.911771
0.128841
-0.380524
-0.41175
-0.0870184
0.237716
0.206501
-0.302847
-1.08575
-1.71641
-1.79221
-1.17456
-0.0844328
1.0057
1.62335
1.54758
0.91694
0.134065
-0.375246
-0.406419
-0.0816339
0.243154
0.211992
-0.297304
-1.08016
-1.71077
-1.78651
-1.16881
-0.0786288
1.01155
1.62926
1.55354
0.922949
0.140123
-0.369137
-0.40026
-0.0754251
0.249412
0.218299
-0.290947
-1.07375
-1.70431
-1.78
-1.16226
-0.0720309
1.0182
1.63595
1.56028
0.929735
0.146956
-0.362259
-0.393335
-0.0684547
0.256428
0.22536
-0.283841
-1.0666
-1.69712
-1.77277
-1.15497
-0.0647056
1.02556
1.64336
1.56773
0.937231
0.154494
-0.354679
-0.385714
-0.060793
0.26413
0.233103
-0.276058
-1.05878
-1.68926
-1.76486
-1.14703
-0.0567269
1.03358
1.65142
1.57582
0.945361
0.162661
-0.346476
-0.377474
-0.0525175
0.272442
0.241449
-0.267677
-1.05036
-1.6808
-1.75638
-1.13852
-0.0481754
1.04217
1.66004
1.58447
0.954042
0.171374
-0.337732
-0.368699
-0.0437116
0.281278
0.250315
-0.258781
-1.04144
-1.67185
-1.7474
-1.12951
-0.0391374
1.05123
1.66913
1.59359
0.963188
0.180545
-0.328534
-0.359477
-0.0344643
0.29055
0.259611
-0.249462
-1.03209
-1.66248
-1.73801
-1.12009
-0.0297042
1.06069
1.6786
1.60309
0.972705
0.190083
-0.318977
-0.3499
-0.024869
0.300163
0.269243
-0.239812
-1.02243
-1.6528
-1.72831
-1.11038
-0.019971
1.07044
1.68837
1.61287
0.982498
0.199889
-0.309157
-0.340067
-0.0150226
0.310022
0.279114
-0.229929
-1.01253
-1.6429
-1.71839
-1.10045
-0.0100362
1.08038
1.69832
1.62283
0.992467
0.209867
-0.299172
-0.330075
-0.00502443
0.320027
0.289124
-0.219914
-1.00251
-1.63287
-1.70836
-1.09042
-2.41111e-13
1.09042
1.70836
1.63287
1.00251
0.219914
-0.289124
-0.320027
0.00502443
0.330075
0.299172
-0.209867
-0.992467
-1.62283
-1.69832
-1.08038
0.0100362
1.10045
1.71839
1.6429
1.01253
0.229929
-0.279114
-0.310022
0.0150226
0.340067
0.309157
-0.199889
-0.982498
-1.61287
-1.68837
-1.07044
0.019971
1.11038
1.72831
1.6528
1.02243
0.239812
-0.269243
-0.300163
0.024869
0.3499
0.318977
-0.190083
-0.972705
-1.60309
-1.6786
-1.06069
