1.165
0.62684
0.07508
0.35161
-0.69651
1.6961
0.05906
1.7971
0.26407
0.87167
-1.4462
-0.70117
1.246
-0.63898
0.57735
-0.36003
-0.13558
-1.3493
-1.2704
0.98457
-0.044881
-0.79894
-0.76517
0.86173
-0.056225
0.51348
0.39668
0.75622
0.40049
-1.3414
0.37504
1.1252
0.72864
-2.3775
-0.27378
-0.32294
0.31799
-0.51117
-0.0020413
1.6065
0.84765
0.2681
-0.92349
-0.070499
0.14789
-0.55709
-0.33671
0.41523
1.5578
-2.4443
-1.0982
1.1226
0.58167
-0.27135
0.41419
-0.97781
-1.0215
0.31769
1.5161
0.74943
-0.5077
0.8853
-0.24809
-0.72625
-0.44504
-0.61291
-0.20914
0.56215
-1.0639
0.35159
1.133
0.14999
0.70314
-0.052412
2.0185
0.92416
-1.8141
0.034973
-1.8079
1.0282
0.3946
0.63941
0.87421
1.7524
-0.32005
-0.13741
0.61577
0.97789
-1.1153
-0.55002
0.039885
-2.4828
1.1587
-1.0263
1.1535
-0.78646
0.63481
0.82041
-0.17603
0.56247
-0.12744
0.55417
-1.0973
9.3606
11.497
9.4716
10.329
8.505
9.6904
9.3212
9.8292
11.068
11.07
11.262
10.251
10.591
9.0365
9.6411
11.362
10.991
10.531
8.8445
10.417
10.482
9.6867
10.384
12.658
9.634
8.481
7.4223
9.3322
9.4171
8.9202
-0.49004
-1.5545
-1.8527
-2.1028
-5.3957
-0.83709
-2.495
-3.425
-4.5762
-2.4339
-0.43587
-2.1578
-1.6769
-2.7075
-1.4923
-4.0506
-1.558
-1.9968
-2.7074
-2.3242
-0.93254
5.0781
5.9351
3.7468
6.2285
6.8634
4.4616
4.0353
4.0854
5.7371
4.2873
4.949
3.639
6.0767
4.2861
5.9201
5.8071
4.88
5.3468
4.7235
4.6775
6.1938
5.0874
3.9479
6.6127
3.9975
5.4687
4.2015
4.7343
5.4437
6.0957
4.7051
5.3822
4.8246
5.0626
3.8536
4.9143
6.5335
4.2091
3.7449
6.6201
6.212
5.8324
3.5843
6.6004
4.4484
3.8354
4.3433
5.4024
5.6986
5.2616
4.782
6.8484
4.4029
5.1555
4.3269
5.4666
3.1148
5.7062
3.9434
4.943
3.9861
3.8074
3.1567
4.0723
5.258
5.5394
6.5931
5.6909
2.8976
4.0171
4.9043
2.5192
4.7329
4.4523
5.3783
5.6048
5.9458
4.845
4.8122
6.4958
6.8821
4.663
-4.8908
-6.0106
-5.0072
-4.2805
-5.6405
-4.9157
-5.0109
-5.6706
-5.5857
-3.166
-6.0498
-5.5434
-6.5503
-5.1414
-4.6492
-5.573
-4.7014
-5.7692
-3.7777
-5.0772
8.3471
9.7494
8.0067
8.9022
7.82
7.2584
6.6459
7.1841
8.7271
8.4314
6.5342
7.3762
6.2692
7.8755
8.5379
6.8216
4.7729
8.2656
10.776
8.1049
7.8673
7.8529
8.5286
9.6565
9.0936
7.3736
7.5862
7.8152
6.7144
8.7267
7.7308
9.126
7.3754
9.2202
5.6701
9.3914
6.0505
6.5178
7.6188
6.1141
8.0354
8.1143
8.8892
7.1644
7.9874
7.8162
8.273
8.2008
6.5765
9.3356
7.1868
6.6575
6.5728
8.764
7.4094
10.273
7.3704
7.4275
7.9802
6.3898
7.2911
5.9878
8.6179
7.8716
6.3424
7.6385
7.1724
8.9577
8.9333
8.227
8.0602
8.3696
6.8016
7.9333
7.171
8.4332
7.3913
9.4433
7.7413
8.8406
7.5336
6.0676
7.9343
7.3702
6.1792
7.7982
7.8401
7.2025
8.9459
6.7714
6.6322
7.5665
7.965
7.0602
7.3006
6.4868
9.583
9.5129
6.0474
9.5082
6.6731
7.2647
8.1241
7.2446
8.9077
8.7912
5.9729
6.5012
6.809
7.9899
7.1355
8.2751
7.7968
6.5519
7.7088
6.8208
6.9399
8.9637
5.9212
5.5539
8.0606
6.0139
7.4283
7.8138
7.3014
6.9986
7.3816
8.7775
6.93
8.1744
6.9444
8.1411
6.8445
8.7611
7.7556
9.1638
7.8902
8.4357
8.8607
8.0032
7.1827
7.4563
6.6046
5.5116
7.7189
8.1109
7.8233
7.2617
7.1518
8.7057
7.9602
9.174
8.3948
9.0393
-4.4065
-3.2877
-2.0328
-1.1935
-4.7435
-2.9406
-1.0719
-2.8661
-3.6562
-4.4664
-3.0942
-2.6542
-2.8102
-3.207
-3.0019
-2.3855
-2.1045
-4.5827
-2.364
-3.6371
-2.4623
-3.6383
-1.7964
-2.0333
-3.831
-3.6188
-1.336
-2.0742
-4.9576
-2.5147
-2.6339
-3.933
-4.302
-2.681
-4.2228
-2.3604
-3.0954
-4.7632
-2.2212
-3.9424
-3.5416
4.1669
2.0174
2.0961
3.2495
3.5602
1.7401
1.5777
1.4109
2.7997
2.0428
2.6474
3.4922
3.369
1.4177
1.3665
2.9693
2.7533
3.0824
2.5986
0.68375
1.3499
1.6564
1.936
2.351
2.2231
1.6559
2.511
2.3957
2.0471
1.8796
0.88862
3.347
3.5401
2.7579
1.3143
2.7225
1.0169
2.5271
2.6919
3.313
3.4798
3.0516
1.0908
3.2721
1.2458
1.2138
5.1584
2.0029
1.7821
2.6901
1.5279
2.8436
2.127
2.1138
1.6589
2.3711
1.1578
3.2278
1.6928
1.7645
1.2875
1.8334
3.9114
2.801
0.14829
1.4203
1.8466
1.2411
1.9216
1.5974
3.2605
1.6934
0.99216
2.5521
0.92038
2.3635
3.6609
2.4239
3.0721
2.4733
1.8492
3.4896
0.51918
5.2162
2.4568
2.9378
1.8407
1.1241
0.39736
3.6787
0.79425
1.4613
2.0738
1.143
2.4506
2.3006
1.5596
2.7276
1.1934
1.587
3.0839
2.4077
2.6745
3.5594
2.721
2.151
2.5705
2.9138
0.4947
2.0693
1.0343
2.8469
3.2042
3.4021
1.3643
1.7553
3.4522
2.4712
1.9063
2.0916
2.4396
3.0672
1.8062
1.4562
2.338
2.4548
2.2147
2.945
4.8282
3.4478
0.97213
1.8606
0.42338
1.3716
3.444
3.8826
4.5889
1.456
3.1237
1.6967
3.6336
3.4192
1.8919
-0.10981
2.189
1.0472
1.1866
1.83
0.74833
3.933
2.0146
1.4634
2.1933
0.67503
3.4374
1.6112
2.6562
2.0831
0.67222
1.3102
2.401
3.1641
2.619
3.0311
1.3547
3.7611
4.4193
3.4005
0.83619
2.6986
2.628
1.7569
2.184
1.602
2.4846
2.3707
2.992
2.3621
2.2683
2.5325
1.8302
0.4544
2.7994
1.9187
2.4152
3.0814
1.6535
1.0789
0.18863
1.2977
3.4213
2.3136
2.9348
3.8487
1.7365
2.9589
3.9933
0.99749
1.1445
1.9598
2.4482
1.294
1.5047
-0.10208
0.55148
2.3613
3.9309
1.6174
4.321
1.9255
1.2555
3.0758
0.98311
4.416
12.334
12.877
13.099
11.679
13.9
12.844
15.27
11.958
13.118
11.977
12.375
12.919
12.842
12.144
13.517
15.8
12.735
13.062
11.391
14.4
12.536
12.079
11.721
13.963
13.368
11.051
14.794
12.537
12.334
12.525
13.505
12.335
13.503
13.959
13.591
13.73
13.598
13.74
11.349
12.768
12.893
14.449
11.464
13.059
12.649
13.383
13.767
13.934
12.41
12.449
12.131
14.156
13.062
12.296
15.076
12.989
13.135
12.445
12.594
13.831
11.853
14.419
13.651
12.4
13.012
12.351
14.158
13.759
12.458
12.949
14.22
12.726
12.897
12.86
11.857
12.791
14.859
11.532
14.133
14.327
11.564
13.973
12.34
13.964
12.476
13.818
13.743
13.745
11.71
11.949
14.481
13.014
10.76
12.342
13.06
11.96
14.586
13.375
12.973
13.011
11.669
13.594
12.533
13.425
14.137
11.815
13.563
12.719
12.498
14.32
14.12
13.109
12.287
4.117
4.5317
5.4238
6.5317
6.3581
3.5428
4.7436
5.0379
6.6012
3.9396
5.6582
6.6128
4.0857
5.892
5.8955
5.0037
4.3623
5.0327
7.0853
5.333
18.491
18.73
16.691
18.433
19.931
16.397
19.793
15.799
17.295
17.465
19.025
16.869
19.361
16.465
17.58
20.371
17.338
20.131
15.864
17.171
18.272
19.54
21.12
20.039
18.275
16.792
16.811
17.032
18.628
18.119
16.867
7.6494
5.5361
8.1333
8.7258
8.8225
7.8783
6.6663
8.8482
7.2224
7.6509
5.8127
6.2412
8.3549
8.6861
7.0288
6.6485
7.8923
8.1845
5.845
8.8109
8.137
7.665
7.1736
5.9174
6.4707
6.4656
6.6931
8.2348
8.5067
9.132
6.8126
5.8961
7.541
8.0077
8.3692
6.5945
6.0208
8.1814
7.7624
6.4753
8.5467
7.1424
7.0604
7.8108
7.1599
6.5474
8.7584
7.205
7.3406
6.744
8.1796
8.3195
8.1163
5.8314
7.2725
7.1993
6.2279
7.7503
7.5991
7.9507
9.0323
6.6928
6.3129
7.2991
6.8364
7.8481
8.5518
8.9025
6.6421
8.723
9.7047
7.5852
6.2818
6.0156
7.509
8.1515
6.6348
7.6041
9.1457
6.0366
7.3146
8.229
6.3393
6.9983
6.8867
7.8235
7.7006
9.2135
7.3328
6.8619
6.9806
9.4239
9.6533
7.3411
7.303
7.5471
6.7332
6.5506
6.6238
6.7035
6.7602
5.8831
7.9271
6.897
6.5479
10.068
6.9368
8.3527
7.8094
6.0984
7.9038
9.1679
8.5598
7.6359
9.562
6.9356
7.323
9.2154
9.13
6.8105
6.6649
8.7019
7.0765
7.2323
7.628
6.577
6.5717
8.674
6.4207
7.0953
7.9025
7.3265
7.1238
8.3171
5.2977
6.4883
7.6511
8.3012
6.6065
8.4449
6.9357
8.405
5.6102
6.7894
8.793
8.1452
4.6307
6.464
6.0214
6.1345
7.6969
8.6855
6.1966
9.6437
9.0547
7.5253
8.319
6.8402
6.9207
7.7078
7.4153
6.4224
8.9343
6.9365
9.5285
8.0005
7.5286
7.2874
6.3411
8.7283
6.2942
7.3822
5.5679
6.54
8.1143
7.7937
6.9321
7.5763
7.5663
7.6254
6.5469
7.3266
8.1142
9.5495
7.68
11.103
6.5679
8.7037
8.3276
7.8606
9.8142
6.4742
8.8278
7.9049
9.0653