-10.833
7.3805
28.289
-16.5
40.088
34.084
-3.0023
10.599
-14.146
28.595
-72.842
-6.2201
15.567
15.881
-9.5128
19.077
-24.141
13.71
21.226
44.161
27.648
-33.581
-14.133
27.88
9.5731
-18.385
-10.111
-32.255
10.162
-6.4359
-12.455
2.2187
26.716
-8.0524
16.93
-23.354
36.1
-26.379
46.117
16.084
42.023
-1.6187
9.4157
12.519
23.864
8.227
35.396
8.5013
-8.0001
5.7629
5.005
45.778
4.0841
11.593
11.142
19.919
-10.819
-1.7658
15.012
21.276
34.797
22.127
20.611
20.797
20.151
20.221
-38.241
-6.1403
-23.427
2.7074
-5.73
-13.227
18.041
11.056
-17.066
-9.6851
40.763
-30.142
19.312
15.828
5.6483
23.484
38.907
15.434
51.844
6.5724
19.904
-27.929
-15.322
-25.733
-14.402
2.4495
20.138
31.343
-6.6954
10.868
30.617
19.337
1.5371
-4.5744
28.296
-43.771
-36.101
-50.787
-80.607
-53.27
-41.774
-100.56
-60.254
-52.029
-63.664
-101.34
-17.482
-66.149
-74.002
-91.814
-109.58
-33.28
-29.193
-53.934
-36.958
-41.647
-86.081
-48.978
-70.963
-86.156
-65.356
-91.211
-80.345
-72.53
-78.035
-53.626
-26.358
-87.932
-80.299
-49.888
-83.426
-66.05
-37.202
-76.184
-34.219
-68.15
4.0627
-34.761
-30.121
-22.997
-52.758
-60.689
-80.019
-105.39
-62.388
-88.147
-70.476
-113.9
-119.84
-95.524
-94.587
-102.21
-116.85
-51.488
-54.408
-73.699
-74.471
-58.192
-83.187
-55.806
-70.272
-89.407
-48.903
-109.43
-64.762
-73.717
-96.786
-43.229
-72.571
-62.259
-121.75
-81.698
-63.416
-66.632
-46.766
-58.668
-26.21
-25.866
-77.877
-75.011
-49.56
-89.837
-25.215
-87.228
-57.966
-105.45
-76.101
-92.796
-58.757
-65.617
-51.524
-89.063
-93.202
-120.96
-90.131
-36.724
-105.86
-47.333
0.79537
-120.36
-51.661
-39.09
-49.101
-88.042
-90.855
-64.356
-42.644
-93.581
-72.044
-59.588
-93.615
-58.539
-44.989
-57.401
-98.511
-66.606
-86.271
-95.78
-21.376
-34.266
-96.803
-82.878
-28.346
-69.293
-88.297
-37.794
-20.653
-65.703
-38.35
-70.546
-103.26
-83.461
-80.657
-92.835
-10.828
-113.37
-91.837
-57.689
-61.231
-84.646
-70.445
-26.892
-33.744
-69.943
-20.348
-68.864
-47.432
-17.456
-17.554
-72.868
-37.658
-53.215
-32.334
-73.016
-63.971
-64.691
-42.939
-25.034
-27.335
-86.037
-18.049
-32.608
-44.185
-19.671
-40.444
-84.736
-71.045
-68.075
-51.02
-69.129
-62.421
-40.32
-62.558
-59.377
-103.03
-59.052
-65.449
-80.137
-57.977
-72.925
-70.53
-62.916
-39.221
-50.813
-31.277
-90.777
-31.17
-67.541
-36.758
-92.376
-59.278
-17.028
-74.582
-29.707
-104.46
-94.034
-116.13
-98.778
-43.582
-85.802
43.074
51.097
3.1669
19.374
35.915
-19.715
36.437
22.323
52.322
36.678
26.691
58.755
37.987
44.744
14.016
-9.2413
-7.2945
54.481
8.5308
28.073
9.9732
33.129
55.302
8.2773
23.381
-22.932
13.654
-9.9368
55.625
8.7217
48.312
76.053
9.3523
-6.5649
25.128
37.841
95.54
-9.7421
56.448
39.001
51.831
33.772
11.281
27.811
25.986
43.367
35.402
66.677
30.081
62.325
24.523
44.937
44.924
58.614
29.976
20.244
62.622
38.226
39.106
30.26
9.4652
33.364
73.5
80.171
54.351
45.297
102.41
31.11
53.208
5.9693
65.068
48.359
43.85
56.923
84.723
33.513
58.382
71.145
38.483
6.9521
61.572
31.081
48.055
47.119
27.913
21.782
21.477
64.87
47.031
6.4899
55.826
30.437
66.119
16.524
52.858
52.542
78.126
41.817
28.439
55.667
49.331
35.118
14.835
-21.185
-70.176
14.802
-48.158
-28.484
-32.48
-53.362
-23.153
-9.2596
34.936
-39.86
16.598
-21.606
-72.964
-54.641
-8.235
-39.653
-58.257
10.742
-22.222
-26.6
-19.789
-9.2328
-27.41
-35.995
-19.809
-23.878
2.1626
28.674
-16.094
4.2708
7.7284
-15.876
17.695
-24.983
-10.981
-9.2601
-52.236
-10.228
-16.868
-8.1597
6.7842
-29.221
-26.71
-2.2779
-20.308
-8.7464
-32.689
-76.053
-14.636
0.063916
-15.798
-14.941
-67.213
-11.33
-40.375
-31.653
-43.714
-53.475
31.788
-70.349
-1.0496
-26.702
-32.957
-29.806
-52.934
-37.534
-44.023
-50.269
2.2506
-23.259
-2.6793
-13.248
-2.9744
-39.964
-11.156
-2.7487
-23.163
-12.992
-42.33
-20.703
-26.711
-14.633
-4.2372
-15.168
-49.004
-7.4511
-35.626
6.9133
-57.417
12.266
-34.37
2.438
-69.323
-1.4182
-57.248
-25.865
7.6995
-28.912
-29.354
4.3751
-42.05
-20.571
-6.0382
-23.348
-15.313
-42.374
-6.3179
-25.437
-27.651
-47.695
-16.587
-22.595
-0.30324
-54.98
-94.098
-11.525
-16.079
-23.92
-40.705
-21.834
-38.693
-27.09
-23.312
-26.459
-32.824
-72.347
-37.922
-16.164
-41.685
-41.71
-46.768
-31.911
-37.175
-44.815
-85.183
8.2612
0.48811
5.246
-8.9182
-41.027
-1.6624
-40.015
-24.791
6.5228
-22.09
-46.699
-85.248
-48.758
0.53609
16.237
8.7676
-36.964
-52.404
-26.469
-50.341
-28.528
-35.218
-9.7121
-40.67
-5.9593
-1.8609
-22.866
-19.291
-29.318
-22.836
31.917
8.967
-7.4892
-58.297
-18.296
-39.257
-79.919
-50.342
-39.899
-36.618
-58.103
-25.412
-24.853
-4.1153
6.5927
-13.078
31.453
-39.222
-54.243
28.214
-33.246
-30.132
-59.57
-46.287
-6.755
-19.457
-3.7611
-15.408
-30.855
-39.898
-30.199
-30.128
-71.744
-42.716
-55.357
-8.722
-0.63182
-53.072
-32.326
-27.456
-63.188
-20.734
-25.046
-15.845
-58.859
-65.873
-25.148
-18.275
-29.988
-40.728
-39.108
-3.4791
-13.371
-32.826
-6.2417
-67.521
-71.624
-58.415
-43.656
12.117
-57.064
-29.72
-87.001
-50.579
-17.488
-31.411
-49.411
-8.8307
-41.073
-50.535
-75.353
-63.494
-48.866
-32.972
-6.8542
-12.688
-49.098
3.4204
-23.834
-46.113
-30.328
-28.692
-36.559
6.0912
-18.816
-18.349
-32.565
-32.624
-40.369
45.837
-44.527
-63.152
-12.005
-15.738
-51.047
11.418
6.633
-1.0564
-19.813
-24.816
4.112
-58.962
-15.441
15.339
-25.682
-30.757
-51.813
-22.954
-36.604
-47.062
11.875
-56.965
-14.518
-33.24
-51.084
-81.949
-52.227
-0.52844
-13.188
-30.868
-37.05
-22.907
-100.48
-17.54
-65.583
1.4985
5.8691
-71.9
-33.261
-24.706
5.6148
-5.1841
-22.024
24.026
-55.467
-3.3955
-39.23
-21.433
-34.091
-13.557
-6.8818
-44.679
-27.257
-42.348
-8.1277
-13.35
-34.07
-63.021
-31.706
-16.231
-39.906
-40.351
-31.521
21.367
-49.602
-17.498
-40.522
-28.942
-65.006
-43.081
-24.764
-35.184
12.326
-28.083
-18.501
12.497
-19.643
-55.444
-81.213
12.178
-55.912
-31.754
-1.5028
-32.79
-36.835
1.3643
-6.4661
-47.734
-4.8853
-40.153
-52.125
-16.769
-1.6908
6.3076
3.268
-0.92364
22.213
-22.036
-7.997
10.202
-21.805
1.494
-33.397
22.929
-50.374
-43.399
-26.372
-3.9854
17.767
-36.441
-84.108
-16.112
9.6417
-31.962
-8.3605
-54.346
-17.933
-16.07
-49.908
-15.735
-59.715
-72.809
-27.241
-1.8096
-41.688
-38.991
-61.373
-30.487
-55.728
-43.394
-5.076
-53.595
18.821
-11.634
0.95384
-43.239
-24.845
-10.624
-16.305
-40.626
-54.891
-30.68
-28.169
-27.968
-62.993
-26.884
-55.089
-9.0342
-25.139
-5.5922
-25.971
-30.048
-64.84
29.68
30.283
-7.5382
56.149
23.996
29.844
61.648
45.703
53.564
-3.7228
18.472
-16.404
-13.093
5.6698
-20.495
-5.5944
49.625
-0.11338
56.745
48.817
24.161
79.602
1.802
5.6349
-42.874
42.827
23.114
-20.669
47.861
33.296
42.998
69.052
36.917
11.293
38.333
15.716
38.098
18.871
0.87613
-11.795
34.488
90.921
4.8882
16.469
25.469
68.292
6.1805
38.794
24.742
4.2295
63.86
34.715
0.027928
-10.647
30.487
26.003
51.139
16.581
20.528
33.699
44.011
26.48
0.61466
44.911
29.374
29.15
10.746
53.084
-3.211
18.547
90.935
52.984
-9.1677
43.943
19.166
30.354
38.376
35.066
43.3
28.946
13.371
13.182
38.332
44.265
46.259
32.228
7.8493
27.562
19.487
21.385
11.931
49.229
62.296
37.208
25.075
10.233
58.349
16.938
26.002
44.156
64.308
15.172
25.441
22.875
4.1269
10.32
35.766
15.773
53.935
47.612
38.425
44.959
34.666
10.313
26.37
-3.0248
82.69
56.739
32.843
14.008
-12.543
0.49053
32.477
3.967
83.637
31.507
39.261
34.479
15.391
43.242
42.511
65.681
32.813
29.83
17.367
48.161
69.896
66.137
-4.7071
61.015
19.282
99.254
23.082
-2.1623
58.381
74.674
11.094
13.541
61.776
33.715
37.922
30.64
28.428
25.286
40.861
45.277
25.589
28.049
46.337
44.354
43.668
80.296
32.076
8.0149
-13.593
68.69
71.224
64.127
43.208
60.219
29.014
48.051
5.6204
14.78
19.947
67.706
-7.4526
34.104
42.78
85.854
85.535
39.404
124.33
30.913
101.61
75.672
69.625
-30.597
68.968
67.384
35.065
74.311
87.061
69.507
54.32
86.086
38.863
41.961
85.489
90.28
75.393
50.304
54.501
56.116
45.528
40.192
64.73
11.897
-0.47128
23.733
69.312
54.268
90.93
70.184
45.735
82.678
45.098
7.2032
23.851
137.42
5.1392
30.746
68.362
58.194
99.183
45.169
67.713
4.0517
68.544
70.476
46.411
86.974
96.29
23.175
54.132
17.958
53.939
59.459
76.511
58.039
86.547
102.55
63.433
28.198
76.747
67.954
57.853
47.667
78.366
73.955
112.48
104.53
96.289
90.065
60.124
43.01
69.825
43.766
19.661
133.57
85.663
95.453
60.406
82.382
59.025
52.936
114.82
85.965
57.845
61.878
46.899
65.244
56.855
118.65
77.435
59.751
77.954
60.496
65.992
100.17
112.08
42.279
68.642
69.117
42.829
52.288
74.081
100.77
69.099
112.37
63.043
86.949
71.441
113.16
86.073
79.324
60.957
78.792
43.651
105.63
112.11
66.938
127.35
86.614
108.89
108.06
114.04
61.593
112.49
105.06
37.925
98.993
67.841
105.13
73.621
100.48
111.81
149.03
139.06
109.41
83.025
114.54
122.3
120.81
97.694
98.907
79.551
125.45
101.18
108.83
95.772
137.17
94.266
132.24
71.942
163.77
100.89
62.417
132.31
157.46
91.466
145.6
131.13
85.944
120.67
131.45
138.97
67.059
109.52
127.65
191.17
141.23
66.36
101.66
140.74
130.81
95.893
151.38
107.07
133.82
154.7
100.9
111.46
134.31
106.99
144.13
143.41
133.87
124.95
145.28
133.65
115.91
116.27
144.93
124.09
144.77
137.83
162.65
107.72
96.818
103.74
119.2
162.85
158.17
112.23
184.79
134.01
113.53
120.56
121.25
132.85
104.73
153.43
162.86
120
163.81
166.7
165.93
91.424
155.92
159.62
137.99
131.29
130.79
117.31
101.26
148.65
155.65
140.66
-74.905
-52.812
-68.521
-88.243
-65.356
-80.597
-65.808
-114.79
-79.568
-59.556
-28.419
-79.972
-36.294
-54.369
-61.201
-72.768
-67.48
-60.131
-87.884
-68.712
-0.2494
-9.5097
-87.82
-22.92
-42.356
-5.3578
-71.512
-80.757
-72.848
-68.121
-44.318
-48.962
-49.429
-61.973
-81.795
-41.334
-45.809
-66.959
-58.605
-48.529
-64.672
-25.67
-5.123
-6.2131
-39.422
-5.3705
-31.373
-43.082
-56.256
-63.522
-71.57
-40.059
-95.566
-54.557
-54.442
-17.935
-44.732
-21.658
-56.247
-64.535
-69.243
3.4172
-64.365
-65.635
-61.318
-18.708
-31.647
-33.925
-59.579
-48.983
-60.348
-65.442
-9.7097
-110.32
-51.296
-68.566
-113.54
-27.653
-92.609
-86.514
-53.631
-46.88
-48.823
-71.799
-86.676
-54.28
-82.971
-91.164
-72.554
-34.23
-79.955
-15.206
-75.192
-81.162
-94.004
-51.823
-42.664
-61.537
1.0643
-54.977
-63.726
-43.352
-33.432
-45.175
-117.13
-63.782
-82.348
-45.489
-30.998
-11.482
-61.303
-50.681
-58.873
-87.871
-66.758
-109.43
-29.206
-24.107
-73.536
-50.821
-34.496
-67.392
-75.122
-51.168
-63.419
-61.968
-63.653
-45.604
-45.901
-32.918
-46.855
-27.992
-36.182
-61.868
-45.479
-30.136
-51.74
-70.124
-84.45
-49.426
-23.608
-49.228
-52.765
-36.299
-29.611
-74.559
-36.528
-51.5
-21.225
-63.815
-64.013
-24.211
-65.702
-59.099
-46.41
-68.447
-50.194
-56.131
-42.014
-62.052
-40.191
-48.868
-13.64
-25.379
-4.2072
-90.874
-71.856
-26.322
-43.808
-17.176
-42.064
-110.2
-70.825
-45.108
-65.711
-53.096
-57.677
-23.726
-63.104
-56.083
-23.469
-90.703
-54.074
-57.966
-58.829
-52.965
-23.812
-91.177
-67.207
-72.255
-88.863
-83.184
-22.012
-32.784
-23.885
-45.387
-104.15
-40.451
-109.91
-59.753
-7.2637
-81.875
-32.406
-34.859
-76.007
-43.85
5.4421
-75.879
-5.9386
-14.739
-7.1555
-16.931
-79.762
-57.713
-51.262
-68.749
-52.573
-36.864
-79.028
-35.279
-39.778
-17.242
-93.816
-61.61
-45.028
-23.171
-43.919
3.154
-51.646
-98.152
-40.861
-57.382
-2.7487
-55.059
-29.147
-46.54
-21.625
-71.011
-73.253
-53.268
-70.91
-31.104
-86.128
-67.998
-47.75
-41.262
-17.566
-18.424
-48.366
-57.014
-37.482
-43.225
-37.049
-80.295
-7.6356
-52.272
-38.527
-42.495
-29.721
-92.873
-19.131
-64.317
-49.953
-80.518
-55.603
-18.644
-52.988
-19.223
-66.116
-60.246
-7.1032
-24.033
-73.702
-35.399
-8.953
4.4728
-51.475
-80.945
-10.411
-42.189
-34.007
-65.925
-23.271
-40.111
-39.759
-40.839
-64.631
-77.462
-24.482
-36.643
-29.174
-23.033
-25.777
-26.847
-26.946
-72.162
-36.811
-64.169
-26.635
-85.843
-84.932
-53.864
-51.379
-40.751
-52.516
-23.185
-51.589
-30.695
-33.818
-17.594
-35.003
-33.116
-49.261
-29.191
-58.05
-45.73
-60.395
-39.174
-41.914
-66.533
-25.991
-19.644
-50.577
-69.731
-41.094
9.8673
-35.91
-43.809
-54.174
-70.84
-3.709
-41.701
-70.136
-15.751
-38.7
-31.8
-28.412
-29.665
-32.47
-54.375
-59.972
-26.869
-37.867
-48.46
-62.001
-40.237
-50.075
-82.727
-14.247
-33.889
-1.269
0.73531
-60.12
-55.978
-36.718
-25.925
-74.647
-58.603
-5.6844
-48.736
-10.675
-60.351
-7.9334
-31.317
-65.514
-46.139
-63.742
-53.156
-44.579
-41.115
-52.192
-22.318
-0.16376
-80.797
-30.877
-6.8502
-64.1
-48.651
-38.906
-46.929
-64.032
-53.663
-33.27
-0.042437
-30.453
-58.529
-19.765
-47.345
-14.803
-1.7544
-26.611
-89.578
-18.255
-68.43
-62.982
-21.296
-27.123
-10.208
-23.847
-46.476
-38.78
-56.849
26.741
17.396
-56.342
-37.139
-53.265
-56.234
-38.379
33.009
35.957
17.206
3.3775
29.151
37.194
16.273
64.34
58.428
10.614
14.745
58.891
36.843
54.138
7.1886
35.967
-18.529
21.602
0.089714
17.873
59.233
-8.2517
54.299
29.964
8.9792
6.7566
32.495
36.35
71.632
-35.345
10.508
0.46363
-0.97061
35.329
8.476
-0.68462
2.9174
51.104
22.573
19.941
33.728
-3.0981
55.185
34.385
12.934
-13.476
19.93
-43.981
-1.3819
-1.0924
59.864
3.9039
46.163
43.855
30.321
-1.1019
30.145
-16.286
4.974
-13.355
-4.869
24.569
55.899
51.479
-0.72713
46.693
28.549
14.67
24.297
-12.414
32.76
38.759
55.238
17.118
49.478
0.93914
-5.6305
20.055
30.363
22.942
7.2932
48.105
48.053
-11.048
49.73
32.784
-37.855
11.371
-2.6001
26.074
34.591
22.948
33.607
7.1143
23.094
1.1579
6.1257
14.459
39.725
33.718
47.216
5.095
6.9832
48.823
-2.2853
13.196
12.688
15.826
-2.7052
-15.02
0.87621
15.398
6.0363
53.689
22.587
27.402
40.461
-5.8649
-11.231
51.399
27.926
6.5832
-0.53657
-11.281
-10.821
-10.91
36.767
32.666
19.631
-3.544
34.694
16.084
8.9771
40.047
25.204
17.485
11.137
67.36
33.123
15.246
-19.461
-14.117
11.723
14.358
38.783
-4.6189
42.968
-32.079
-3.4897
32.289
8.2111
2.4807
19.23
0.81303
4.6849
50.15
58.005
24.27
88.481
61.922
7.5896
-0.98691
71.252
14.387
24.362
20.837
44.142
7.9148
-13.577
26.774
-10.516
-12.617
18.876
-8.917
6.0598
4.2874
43.039
35.224
25.185
-16.551
30.682
17.334
-21.875
40.212
1.9526
-26.498
20.99
37.886
21.922
20.546
-1.6494
-4.9247
46.56
30.388
32.102
35.175
18.512
14.223
-14.082
54.979
-10.725
69.808
10.539
71.286
48.275
35.326
7.4347
31.928
76.488
54.519
97.245
64.301
64.404
10.133
88.682
39.454
74.08
105.77
60.702
72.703
56.487
32.258
70.67
80.4
71.729
115.38
95.849
123.1
50.865
34.846
89.166
92.842
73.894
131.79
58.315
20.069
58.552
84.28
41.239
124.55
28.921
77.724
63.575
65.396
65.821
97.522
78.975
90.155
97.981
43.458
166.68
49.465
96.452
67.979
58.727
14.995
47.441
52.353
91.23
82.685
91.626
76.079
83.713
49.603
73.899
29.612
82.519
69.902
91.771
69.092
101.69
123.89
90.348
62.344
97.008
90.999
5.8773
56.254
89.923
92.93
109.66
43.663
58.301
75.454
98.194
60.504
78.377
97.811
99.62
74.378
120.14
66.304
57.593
64.91
81.328
91.884
45.33
97.302
57.293
65.382
71.631
113.65
84.206
61.4
99.52
65.296
46.501
39.951
132.85
105.66
36.71
10.939
-14.435
20.127
40.747
60.111
58.6
-15.463
86.97
25.95
26.247
-1.5142
-10.548
-8.2708
19.638
12.352
-7.2612
6.4398
36.386
10.463
-31.631
9.1869
53.321
51.102
-12.079
5.6035
-0.78058
40.821
29.274
37.013
4.105
10.871
-4.3028
-12.946
33.421
17.263
-20.875
28.41
44.103
61.542
-7.5855
3.2352
21.204
35.182
60.568
8.319
34.117
51.699
-8.9332
11.884
5.4204
-9.1648
2.0278
40.334
-9.3219
32.102
18.643
13.717
14.108
31.743
-20.93
-10.457
-42.508
-16.519
-57.143
-16.446
14.743
-74.477
1.7774
-5.3272
1.0201
20.418
12.049
38.66
-43.564
-17.269
-9.835
-43.15
33.257
37.757
-0.28309
14.072
29.93
4.9251
44.754
-39.19
3.1292
61.898
75.523
-28.988
39.008
10.339
-11.78
-37.639
-11.293
-22.573
34.897
32.529
-52.164
12.4
0.34849
4.7182