5.6940
    5.6955
    5.6979
    5.7013
    5.7058
    5.7113
    5.7179
    5.7255
    5.7342
    5.7439
    5.7548
    5.7668
    5.7799
    5.7942
    5.8096
    5.8262
    5.8440
    5.8630
    5.8832
    5.9046
    5.9273
    5.9512
    5.9764
    6.0029
    6.0307
    6.0598
    6.0902
    6.1220
    6.1551
    6.1896
    6.2255
    6.2628
    6.3015
    6.3417
    6.3832
    6.4263
    6.4708
    6.5167
    6.5642
    6.6132
    6.6637
    6.7158
    6.7694
    6.8246
    6.8814
    6.9397
    6.9997
    7.0613
    7.1246
    7.1894
    7.2560
  -64.3065
  -64.3065
  -64.3065
  -64.3065
  -64.3065
  -64.3065
  -64.3065
  -64.3065
  -64.3065
  -64.3065
  -64.3065
  -64.3065
  -64.3065
  -64.3065
  -64.3065
  -64.3065
  -64.3065
  -64.3065
  -64.3065
  -64.3065
  -64.3065
  -64.3065
  -64.3065
  -64.3065
  -64.3065
  -64.3065
  -64.3065
  -64.3065
  -64.3065
  -64.3065
  -64.3065
  -64.3065
  -64.3065
  -64.3065
  -64.3065
  -64.3065
  -64.3065
  -64.3065
  -64.3065
  -64.3065
  -64.3065
  -64.3065
  -64.3065
  -64.3065
  -64.3065
  -64.3065
  -64.3065
  -64.3065
  -64.3065
  -64.3065
  -64.3065
  -64.3065
  -64.3065
  -64.3065
  -64.3065
  -64.3065
  -64.3065
  -64.3065
  -64.3065
  -64.3065
  -64.3065
  -64.3065
  -64.3065
  -64.3065
  -64.3065
  -64.3065
  -64.3065
  -64.3065
  -64.3065
  -64.3065
  -64.3065
  -64.3065
  -64.3065
  -64.3065
  -64.3065
  -64.3065
  -64.3065
  -64.3065
  -64.3065
  -64.3065
  -64.3065
  -64.3065
  -64.3065
  -64.3065
  -64.3065
  -64.3065
  -64.3065
  -64.3065
  -64.3065
  -64.3065
  -64.3065
  -64.3065
  -64.3065
  -64.3065
  -64.3065
  -64.3065
  -64.3065
  -64.3065
  -64.3065
  -64.3065
  -64.3065
  -64.3065
   25.6951
   26.0123
   26.3326
   26.6562
   26.9829
   27.3127
   27.6459
   27.9822
   28.3217
   28.6646
   29.0106
   29.3600
   29.7126
   30.0686
   30.4279
   30.7905
   31.1565
   31.5258
   31.8985
   32.2746
   32.6541
   33.0371
   33.4234
   33.8132
   34.2065
   34.6033
   35.0035
   35.4073
   35.8145
   36.2253
   36.6397
   37.0576
   37.4791
   37.9042
   38.3328
   38.7651
   39.2011
   39.6407
   40.0839
   40.5308
   40.9814
   41.4357
   41.8938
   42.3555
   42.8210
   43.2903
   43.7633
   44.2402
   44.7208
   45.2052
   45.6935
  -19.3065
  -19.4528
  -19.5977
  -19.7412
  -19.8833
  -20.0239
  -20.1631
  -20.3010
  -20.4374
  -20.5725
  -20.7062
  -20.8385
  -20.9694
  -21.0990
  -21.2273
  -21.3542
  -21.4797
  -21.6039
  -21.7269
  -21.8485
  -21.9687
  -22.0877
  -22.2054
  -22.3218
  -22.4370
  -22.5508
  -22.6634
  -22.7747
  -22.8848
  -22.9937
  -23.1013
  -23.2076
  -23.3128
  -23.4167
  -23.5195
  -23.6210
  -23.7213
  -23.8205
  -23.9184
  -24.0152
  -24.1108
  -24.2053
  -24.2986
  -24.3908
  -24.4818
  -24.5717
  -24.6605
  -24.7481
  -24.8347
  -24.9201
  -25.0045
  -25.0877
  -25.1699
  -25.2510
  -25.3311
  -25.4100
  -25.4880
  -25.5649
  -25.6407
  -25.7155
  -25.7893
  -25.8621
  -25.9338
  -26.0046
  -26.0743
  -26.1431
  -26.2109
  -26.2777
  -26.3435
  -26.4084
  -26.4723
  -26.5353
  -26.5974
  -26.6585
  -26.7186
  -26.7779
  -26.8362
  -26.8937
  -26.9502
  -27.0059
  -27.0607
  -27.1146
  -27.1676
  -27.2198
  -27.2711
  -27.3215
  -27.3712
  -27.4199
  -27.4679
  -27.5150
  -27.5614
  -27.6069
  -27.6516
  -27.6956
  -27.7387
  -27.7811
  -27.8227
  -27.8635
  -27.9036
  -27.9429
  -27.9815
  -28.0194
  -28.0565
  -28.0929
  -28.1286
  -28.1636
  -28.1979
  -28.2314
  -28.2644
  -28.2966
  -28.3281
  -28.3590
  -28.3893
  -28.4189
  -28.4478
  -28.4761
  -28.5038
  -28.5308
  -28.5573
  -28.5831
  -28.6083
  -28.6330
  -28.6570
  -28.6805
  -28.7034
  -28.7257
  -28.7475
  -28.7687
  -28.7894
  -28.8096
  -28.8292
  -28.8483
  -28.8668
  -28.8849
  -28.9025
  -28.9195
  -28.9361
  -28.9522
  -28.9678
  -28.9830
  -28.9977
  -29.0120
  -29.0258
  -29.0391
  -29.0521
  -29.0646
  -29.0767
  -29.0884
  -29.0996
  -29.1105
  -29.1210
  -29.1311
  -29.1409
  -29.1502
  -29.1593
  -29.1679
  -29.1762
  -29.1842
  -29.1918
  -29.1992
  -29.2062
  -29.2128
  -29.2192
  -29.2253
  -29.2311
  -29.2366
  -29.2419
  -29.2468
  -29.2515
  -29.2560
  -29.2602
  -29.2642
  -29.2679
  -29.2714
  -29.2747
  -29.2778
  -29.2806
  -29.2833
  -29.2858
  -29.2881
  -29.2902
  -29.2922
  -29.2939
  -29.2956
  -29.2971
  -29.2984
  -29.2996
  -29.3007
  -29.3017
  -29.3025
  -29.3033
  -29.3039
  -29.3045
  -29.3049
  -29.3053
  -29.3056
  -29.3059
  -29.3061
  -29.3062
  -29.3063
  -29.3064
  -29.3065
  -29.3065
  -29.3065
   25.8896
   26.0857
   26.2820
   26.4784
   26.6751
   26.8720
   27.0693
   27.2670
   27.4651
   27.6637
   27.8629
   28.0627
   28.2632
   28.4645
   28.6665
   28.8694
   29.0731
   29.2779
   29.4836
   29.6905
   29.8984
   30.1076
   30.3180
   30.5297
   30.7427
   30.9572
   31.1731
   31.3906
   31.6096
   31.8303
   32.0527
   32.2768
   32.5027
   32.7305
   32.9603
   33.1920
   33.4257
   33.6616
   33.8995
   34.1397
   34.3822
   34.6270
   34.8741
   35.1237
   35.3757
   35.6303
   35.8875
   36.1474
   36.4100
   36.6753
   36.9435
   37.2146
   37.4886
   37.7656
   38.0456
   38.3288
   38.6151
   38.9046
   39.1975
   39.4936
   39.7932
   40.0962
   40.4027
   40.7128
   41.0265
   41.3438
   41.6649
   41.9898
   42.3185
   42.6512
   42.9878
   43.3284
   43.6730
   44.0218
   44.3748
   44.7320
   45.0936
   45.4594
   45.8297
   46.2045
   46.5837
   46.9676
   47.3561
   47.7493
   48.1472
   48.5500
   48.9576
   49.3701
   49.7876
   50.2101
   50.6377
   51.0705
   51.5084
   51.9517
   52.4002
   52.8541
   53.3134
   53.7783
   54.2486
   54.7246
   55.2062
   55.6935
   56.1866
   56.6855
   57.1903
   57.7010
   58.2178
   58.7405
   59.2694
   59.8044
   60.3457
   60.8932
   61.4471
   62.0074
   62.5741
   63.1473
   63.7270
   64.3134
   64.9065
   65.5063
   66.1128
   66.7262
   67.3465
   67.9738
   68.6080
   69.2494
   69.8978
   70.5535
   71.2164
   71.8865
   72.5640
   73.2490
   73.9414
   74.6413
   75.3488
   76.0639
   76.7867
   77.5172
   78.2556
   79.0018
   79.7559
   80.5180
   81.2882
   82.0664
   82.8528
   83.6473
   84.4501
   85.2612
   86.0807
   86.9087
   87.7450
   88.5900
   89.4435
   90.3057
   91.1766
   92.0562
   92.9447
   93.8420
   94.7483
   95.6636
   96.5879
   97.5213
   98.4639
   99.4157
  100.3767
  101.3471
  102.3269
  103.3161
  104.3149
  105.3231
  106.3410
  107.3686
  108.4059
  109.4529
  110.5098
  111.5766
  112.6534
  113.7401
  114.8369
  115.9439
  117.0610
  118.1883
  119.3260
  120.4739
  121.6323
  122.8012
  123.9805
  125.1705
  126.3710
  127.5823
  128.8043
  130.0371
  131.2807
  132.5353
  133.8008
  135.0774
  136.3650
  137.6638
  138.9738
  140.2950
  141.6275
  142.9714
  144.3267
  145.6935
  -58.2669
  -58.2265
  -58.1854
  -58.1435
  -58.1008
  -58.0574
  -58.0131
  -57.9682
  -57.9224
  -57.8759
  -57.8286
  -57.7805
  -57.7317
  -57.6821
  -57.6317
  -57.5806
  -57.5287
  -57.4760
  -57.4226
  -57.3684
  -57.3134
  -57.2577
  -57.2011
  -57.1439
  -57.0858
  -57.0270
  -56.9674
  -56.9070
  -56.8459
  -56.7840
  -56.7213
  -56.6579
  -56.5937
  -56.5287
  -56.4630
  -56.3965
  -56.3292
  -56.2611
  -56.1923
  -56.1227
  -56.0524
  -55.9812
  -55.9093
  -55.8367
  -55.7632
  -55.6890
  -55.6141
  -55.5383
  -55.4618
  -55.3845
  -55.3065
  -55.2277
  -55.1481
  -55.0677
  -54.9866
  -54.9047
  -54.8221
  -54.7386
  -54.6544
  -54.5695
  -54.4837
  -54.3972
  -54.3100
  -54.2219
  -54.1331
  -54.0435
  -53.9532
  -53.8620
  -53.7702
  -53.6775
  -53.5841
  -53.4899
  -53.3949
  -53.2992
  -53.2027
  -53.1054
  -53.0074
  -52.9086
  -52.8090
  -52.7086
  -52.6075
  -52.5056
  -52.4030
  -52.2996
  -52.1954
  -52.0904
  -51.9847
  -51.8782
  -51.7709
  -51.6629
  -51.5541
  -51.4445
  -51.3342
  -51.2231
  -51.1112
  -50.9985
  -50.8851
  -50.7709
  -50.6560
  -50.5402
  -50.4238
  -50.3065
  -50.1885
  -50.0697
  -49.9501
  -49.8298
  -49.7086
  -49.5868
  -49.4641
  -49.3407
  -49.2165
  -49.0916
  -48.9659
  -48.8394
  -48.7121
  -48.5841
  -48.4553
  -48.3257
  -48.1954
  -48.0643
  -47.9324
  -47.7998
  -47.6664
  -47.5322
  -47.3972
  -47.2615
  -47.1250
  -46.9878
  -46.8497
  -46.7110
  -46.5714
  -46.4311
  -46.2900
  -46.1481
  -46.0055
  -45.8620
  -45.7179
  -45.5729
  -45.4272
  -45.2807
  -45.1335
  -44.9855
  -44.8367
  -44.6871
  -44.5368
  -44.3857
  -44.2338
  -44.0812
  -43.9278
  -43.7736
  -43.6187
  -43.4630
  -43.3065
  -43.1492
  -42.9912
  -42.8324
  -42.6729
  -42.5126
  -42.3515
  -42.1896
  -42.0270
  -41.8636
  -41.6994
  -41.5345
  -41.3688
  -41.2023
  -41.0351
  -40.8670
  -40.6983
  -40.5287
  -40.3584
  -40.1873
  -40.0154
  -39.8428
  -39.6694
  -39.4953
  -39.3203
  -39.1446
  -38.9682
  -38.7909
  -38.6129
  -38.4341
  -38.2546
  -38.0743
  -37.8932
  -37.7113
  -37.5287
  -37.3453
  -37.1612
  -36.9762
  -36.7905
  -36.6041
  -36.4168
  -36.2288
  -36.0401
  -35.8505
  -35.6602
  -35.4691
  -35.2773
  -35.0847
  -34.8913
  -34.6971
  -34.5022
  -34.3065
   25.6935
   25.5955
   25.4974
   25.3994
   25.3014
   25.2033
   25.1053
   25.0072
   24.9092
   24.8112
   24.7131
   24.6151
   24.5170
   24.4190
   24.3210
   24.2229
   24.1249
   24.0268
   23.9288
   23.8308
   23.7327
   23.6347
   23.5366
   23.4386
   23.3406
   23.2425
   23.1445
   23.0465
   22.9484
   22.8504
   22.7523
   22.6543
   22.5563
   22.4582
   22.3602
   22.2621
   22.1641
   22.0661
   21.9680
   21.8700
   21.7719
   21.6739
   21.5759
   21.4778
   21.3798
   21.2817
   21.1837
   21.0857
   20.9876
   20.8896
   20.7915
   20.6935
   20.5955
   20.4974
   20.3994
   20.3014
   20.2033
   20.1053
   20.0072
   19.9092
   19.8112
   19.7131
   19.6151
   19.5170
   19.4190
   19.3210
   19.2229
   19.1249
   19.0268
   18.9288
   18.8308
   18.7327
   18.6347
   18.5366
   18.4386
   18.3406
   18.2425
   18.1445
   18.0465
   17.9484
   17.8504
   17.7523
   17.6543
   17.5563
   17.4582
   17.3602
   17.2621
   17.1641
   17.0661
   16.9680
   16.8700
   16.7719
   16.6739
   16.5759
   16.4778
   16.3798
   16.2817
   16.1837
   16.0857
   15.9876
   15.8896
   15.7915
   15.6935
   15.5955
   15.4974
   15.3994
   75.6935
   75.6935
   75.6935
   75.6935
   75.6935
   75.6935
   75.6935
   75.6935
   75.6935
   75.6935
   75.6935
   75.6935
   75.6935
   75.6935
   75.6935
   75.6935
   75.6935
   75.6935
   75.6935
   75.6935
   75.6935
   75.6935
   75.6935
   75.6935
   75.6935
   75.6935
   75.6935
   75.6935
   75.6935
   75.6935
   75.6935
   75.6935
   75.6935
   75.6935
   75.6935
   75.6935
   75.6935
   75.6935
   75.6935
   75.6935
   75.6935
   75.6935
   75.6935
   75.6935
   75.6935
   75.6935
   75.6935
   75.6935
   75.6935
   75.6935
   75.6935
   10.3014
   10.2033
   10.1053
   10.0072
    9.9092
    9.8112
    9.7131
    9.6151
    9.5170
    9.4190
    9.3210
    9.2229
    9.1249
    9.0268
    8.9288
    8.8308
    8.7327
    8.6347
    8.5366
    8.4386
    8.3406
    8.2425
    8.1445
    8.0465
    7.9484
    7.8504
    7.7523
    7.6543
    7.5563
    7.4582
    7.3602
    7.2621
    7.1641
    7.0661
    6.9680
    6.8700
    6.7719
    6.6739
    6.5759
    6.4778
    6.3798
    6.2817
    6.1837
    6.0857
    5.9876
    5.8896
    5.7915
    5.7013
    5.6979
    5.6955
    5.6940