-18.6361
  -18.6269
  -18.6174
  -18.6077
  -18.5976
  -18.5872
  -18.5766
  -18.5656
  -18.5543
  -18.5426
  -18.5307
  -18.5184
  -18.5057
  -18.4927
  -18.4792
  -18.4655
  -18.4513
  -18.4367
  -18.4217
  -18.4063
  -18.3905
  -18.3742
  -18.3574
  -18.3402
  -18.3226
  -18.3044
  -18.2858
  -18.2666
  -18.2469
  -18.2267
  -18.2060
  -18.1847
  -18.1628
  -18.1404
  -18.1173
  -18.0937
  -18.0694
  -18.0445
  -18.0189
  -17.9927
  -17.9658
  -17.9383
  -17.9100
  -17.8810
  -17.8513
  -17.8208
  -17.7895
  -17.7575
  -17.7247
  -17.6910
  -17.6565
  -17.6212
  -17.5850
  -17.5480
  -17.5100
  -17.4711
  -17.4313
  -17.3906
  -17.3488
  -17.3061
  -17.2624
  -17.2177
  -17.1719
  -17.1250
  -17.0771
  -17.0280
  -16.9778
  -16.9265
  -16.8741
  -16.8204
  -16.7655
  -16.7094
  -16.6521
  -16.5935
  -16.5336
  -16.4724
  -16.4099
  -16.3460
  -16.2807
  -16.2140
  -16.1459
  -16.0764
  -16.0054
  -15.9329
  -15.8589
  -15.7833
  -15.7062
  -15.6275
  -15.5472
  -15.4653
  -15.3817
  -15.2964
  -15.2095
  -15.1208
  -15.0303
  -14.9381
  -14.8441
  -14.7482
  -14.6505
  -14.5510
  -14.4495
  -14.3461
  -14.2408
  -14.1335
  -14.0242
  -13.9128
  -13.7995
  -13.6840
  -13.5665
  -13.4469
  -13.3251
  -13.2011
  -13.0750
  -12.9466
  -12.8160
  -12.6832
  -12.5480
  -12.4106
  -12.2708
  -12.1286
  -11.9841
  -11.8372
  -11.6879
  -11.5361
  -11.3818
  -11.2251
  -11.0658
  -10.9040
  -10.7397
  -10.5728
  -10.4033
  -10.2311
  -10.0564
   -9.8790
   -9.6989
   -9.5161
   -9.3306
   -9.1424
   -8.9515
   -8.7578
   -8.5613
   -8.3620
   -8.1599
   -7.9550
   -7.7472
   -7.5366
   -7.3232
   -7.1068
   -6.8876
   -6.6655
   -6.4405
   -6.2125
   -5.9816
   -5.7478
   -5.5110
   -5.2713
   -5.0286
   -4.7830
   -4.5344
   -4.2828
   -4.0282
   -3.7707
   -3.5101
   -3.2466
   -2.9801
   -2.7106
   -2.4382
   -2.1627
   -1.8843
   -1.6029
   -1.3185
   -1.0312
   -0.7409
   -0.4476
   -0.1515
    0.1476
    0.4496
    0.7546
    1.0624
    1.3731
    1.6866
    2.0030
    2.3223
    2.6443
    2.9691
    3.2967
    3.6271
    3.9602
    4.2960
    4.6344
    4.9756
    5.3193
    5.6656
    6.0146
    6.3660
    6.7199
    7.0764
    7.4352
    7.7965
    8.1601
    8.5261
    8.8943
    9.2648
    9.6375
   10.0124
   10.3893
   10.7684
   11.1495
   11.5326
   11.9176
   12.3045
   12.6932
   13.0837
   13.4759
   13.8698
   14.2654
   14.6625
   15.0611
   15.4611
   15.8625
   16.2653
   16.6693
   17.0746
   17.4809
   17.8883
   18.2968
   18.7062
   19.1164
   19.5274
   19.9392
   20.3517
   20.7647
   21.1782
   21.5922
   22.0065
   22.4211
   22.8360
   23.2509
   23.6659
   24.0809
   24.4958
   24.9105
   25.3250
   25.7391
   26.1527
   26.5659
   26.9784
   27.3903
   27.8014
   28.2117
   28.6210
   29.0293
   29.4364
   29.8424
   30.2471
   30.6504
   31.0522
   31.4525
   31.8511
   32.2480
   32.6431
   33.0362
   33.4274
   33.8164
   34.2033
   34.5879
   34.9702
   35.3500
   35.7272
   36.1018
   36.4737
   36.8427
   37.2089
   37.5721
   37.9322
   38.2891
   38.6427
   38.9930
   39.3399
   39.6833
   40.0230
   40.3590
   40.6913
   41.0197
   41.3442
   41.6646
   41.9809
   42.2930
   42.6008
   42.9043
   43.2033
   43.4979
   12.4360
   12.5787
   12.7189
   12.8567
   12.9921
   13.1250
   13.2554
   13.3832
   13.5085
   13.6311
   13.7511
   13.8683
   13.9829
   14.0946
   14.2036
   14.3098
   14.4132
   14.5136
   14.6112
   14.7059
   14.7975
   14.8862
   14.9719
   15.0546
   15.1342
   15.2108
   15.2842
   15.3546
   15.4218
   15.4858
   15.5467
   15.6043
   15.6588
   15.7101
   15.7581
   15.8028
   15.8443
   15.8825
   15.9175
   15.9491
   15.9774
   16.0024
   16.0241
   16.0425
   16.0575
   16.0692
   16.0776
   16.0826
   16.0843
   16.0826
   16.0776
   16.0692
   16.0575
   16.0425
   16.0241
   16.0024
   15.9774
   15.9491
   15.9175
   15.8825
   15.8443
   15.8028
   15.7581
   15.7101
   15.6588
   15.6043
   15.5467
   15.4858
   15.4218
   15.3546
   15.2842
   15.2108
   15.1342
   15.0546
   14.9719
   14.8862
   14.7975
   14.7059
   14.6112
   14.5136
   14.4132
   14.3098
   14.2036
   14.0946
   13.9829
   13.8683
   13.7511
   13.6311
   13.5085
   13.3832
   13.2554
   13.1250
   12.9921
   12.8567
   12.7189
   12.5787
   12.4360
   12.2911
   12.1438
   11.9943
   11.8426
   11.6886
   11.5326
   11.3744
   11.2142
   11.0520
   10.8878
   10.7217
   10.5536
   10.3838
   10.2121
   10.0387
    9.8635
    9.6867
    9.5082
    9.3282
    9.1466
   36.8427
   36.4737
   36.1018
   35.7272
   35.3500
   34.9702
   34.5879
   34.2033
   33.8164
   33.4274
   33.0362
   32.6431
   32.2480
   31.8511
   31.4525
   31.0522
   30.6504
   30.2471
   29.8424
   29.4364
   29.0293
   28.6210
   28.2117
   27.8014
   27.3903
   26.9784
   26.5659
   26.1527
   25.7391
   25.3250
   24.9105
   24.4958
   24.0809
   23.6659
   23.2509
   22.8360
   22.4211
   22.0065
   21.5922
   21.1782
   20.7647
   20.3517
   19.9392
   19.5274
   19.1164
   18.7062
   18.2968
   17.8883
   17.4809
   17.0746
   16.6693
   16.2653
   15.8625
   15.4611
   15.0611
   14.6625
   14.2654
   13.8698
   13.4759
   13.0837
   12.6932
   12.3045
   11.9176
   11.5326
   11.1495
   10.7684
   10.3893
   10.0124
    9.6375
    9.2648
    8.8943
    8.5261
    8.1601
    7.7965
    7.4352
    7.0764
    6.7199
    6.3660
    6.0146
    5.6656
    5.3193
    4.9756
    4.6344
    4.2960
    3.9602
    3.6271
    3.2967
    2.9691
    2.6443
    2.3223
    2.0030
    1.6866
    1.3731
    1.0624
    0.7546
    0.4496
    0.1476
   -0.1515
   -0.4476
   -0.7409
   -1.0312
   -1.3185
   -1.6029
   -1.8843
   -2.1627
   -2.4382
   -2.7106
   -2.9801
   -3.2466
   -3.5101
   -3.7707
   -4.0282
   -4.2828
   -4.5344
   -4.7830
   -5.0286
   -5.2713
   -5.5110
   -5.7478
   -5.9816
   -6.2125
   -6.4405
   -6.6655
   -6.8876
   -7.1068
   -7.3232
   -7.5366
   -7.7472
   -7.9550
   -8.1599
   -8.3620
   -8.5613
   -8.7578
   -8.9515
   -9.1424
   -9.3306
   -9.5161
   -9.6989
   -9.8790
  -10.0564
  -10.2311
  -10.4033
  -10.5728
  -10.7397
  -10.9040
  -11.0658
  -11.2251
  -11.3818
  -11.5361
  -11.6879
  -11.8372
  -11.9841
  -12.1286
  -12.2708
  -12.4106
  -12.5480
  -12.6832
  -12.8160
  -12.9466
  -13.0750
  -13.2011
  -13.3251
  -13.4469
  -13.5665
  -13.6840
  -13.7995
  -13.9128
  -14.0242
  -14.1335
  -14.2408
  -14.3461
  -14.4495
  -14.5510
  -14.6505
  -14.7482
  -14.8441
  -14.9381
  -15.0303
  -15.1208
  -15.2095
  -15.2964
  -15.3817
  -15.4653
  -15.5472
  -15.6275
  -15.7062
  -15.7833
  -15.8589
  -15.9329
  -16.0054
  -16.0764
  -16.1459
  -16.2140
  -16.2807
  -16.3460
  -16.4099
  -16.4724
  -16.5336
  -16.5935
  -16.6521
  -16.7094
  -16.7655
  -16.8204
  -16.8741
  -16.9265
  -16.9778
  -17.0280
  -17.0771
  -17.1250
  -17.1719
  -17.2177
  -17.2624
  -17.3061
  -17.3488
  -17.3906
  -17.4313
  -17.4711
  -17.5100
  -17.5480
  -17.5850
  -17.6212
  -17.6565
  -17.6910
  -17.7247
  -17.7575
  -17.7895
  -17.8208
  -17.8513
  -17.8810
  -17.9100
  -17.9383
  -17.9658
  -17.9927
  -18.0189
  -18.0445
  -18.0694
  -18.0937
  -18.1173
  -18.1404
  -18.1628
  -18.1847
  -18.2060
  -18.2267
  -18.2469
  -18.2666
  -18.2858
  -18.3044
  -18.3226
  -18.3402
  -18.3574
  -18.3742
  -18.3905
  -18.4063
  -18.4217
  -18.4367
  -18.4513
  -18.4655
  -18.4792
  -18.4927
  -18.5057
  -18.5184
  -18.5307
  -18.5426
  -18.5543
  -18.5656
  -18.5766
  -18.5872
  -18.5976
  -18.6077
  -18.6174
  -18.6269
  -18.6361
  -18.6451
  -18.3121
  -18.3002
  -18.2881
  -18.2756
  -18.2628
  -18.2497
  -18.2362
  -18.2223
  -18.2080
  -18.1934
  -18.1783
  -18.1628
  -18.1469
  -18.1306
  -18.1138
  -18.0965
  -18.0787
  -18.0604
  -18.0416
  -18.0223
  -18.0024
  -17.9819
  -17.9609
  -17.9392
  -17.9169
  -17.8939
  -17.8702
  -17.8459
  -17.8208
  -17.7949
  -17.7683
  -17.7408
  -17.7125
  -17.6833
  -17.6533
  -17.6222
  -17.5902
  -17.5572
  -17.5232
  -17.4881
  -17.4518
  -17.4143
  -17.3757
  -17.3357
  -17.2945
  -17.2519
  -17.2078
  -17.1623
  -17.1152
  -17.0666
  -17.0162
  -16.9642
  -16.9103
  -16.8545
  -16.7968
  -16.7370
  -16.6750
  -16.6109
  -16.5444
  -16.4755
  -16.4041
  -16.3300
  -16.2531
  -16.1734
  -16.0907
  -16.0047
  -15.9155
  -15.8229
  -15.7266
  -15.6265
  -15.5224
  -15.4142
  -15.3017
  -15.1845
  -15.0626
  -14.9356
  -14.8034
  -14.6656
  -14.5219
  -14.3722
  -14.2159
  -14.0529
  -13.8828
  -13.7051
  -13.5196
  -13.3256
  -13.1229
  -12.9109
  -12.6891
  -12.4569
  -12.2138
  -11.9592
  -11.6923
  -11.4125
  -11.1190
  -10.8109
  -10.4876
  -10.1479
   -9.7909
   -9.4155
   -9.0206
   -8.6050
   -8.1673
   -7.7062
   -7.2200
   -6.7071
   -6.1658
   -5.5942
   -4.9901
   -4.3514
   -3.6757
   -2.9603
   -2.2023
   -1.3989
   -0.5465
    0.3584
    1.3196
    2.3416
    3.4290
    4.5868
    5.8206
    7.1365
    8.5410
   10.0415
   11.6460
   13.3632
   15.2027
   17.1752
   19.2924
   21.5671
   24.0137
   26.6480
   29.4875
   32.5518
   35.8624
   39.4437
   43.3225
   40.9610
   37.2680
   33.8561
   30.7000
   27.7770
   25.0669
   22.5514
   20.2139
   18.0396
   16.0152
   14.1283
   12.3680
   10.7244
    9.1883
    7.7514
    6.4063
    5.1460
    3.9643
    2.8555
    1.8143
    0.8360
   -0.0839
   -0.9494
   -1.7642
   -2.5317
   -3.2550
   -3.9370
   -4.5804
   -5.1876
   -5.7608
   -6.3021
   -6.8134
   -7.2965
   -7.7530
   -8.1844
   -8.5919
   -8.9770
   -9.3407
   -9.6841
  -10.0080
  -10.3135
  -10.6012
  -10.8718
  -11.1260
  -11.3642
  -11.5868
  -11.7943
  -11.9869
  -12.1647
  -12.3278
  -12.4762
  -12.6097
  -12.7281
  -12.8310
  -12.9178
  -12.9878
  -13.0400
  -13.0732
  -13.0862
  -13.0770
  -13.0436
  -12.9834
  -12.8932
  -12.7694
  -12.6073
  -12.4015
  -12.1452
  -11.8302
  -11.4467
  -10.9822
  -10.4215
   -9.7458
   -8.9313
   -7.9484
   -6.7591
   -5.3152
   -3.5541
   -1.3946
    1.2704
    4.5833
    8.7359
   13.9902
    9.7804
    5.2716
    1.6578
   -1.2677
   -3.6579
   -5.6275
   -7.2634
   -8.6323
   -9.7858
  -10.7641
  -11.5989
  -12.3154
  -12.9339
  -13.4704
  -13.9382
  -14.3480
  -14.7086
  -15.0273
  -15.3101
  -15.5620
  -15.7873
  -15.9895
  -16.1716
  -16.3361
  -16.4852
  -16.6208
  -16.7444
  -16.8575
  -16.9612
  -17.0565
  -17.1444
  -17.2255
  -17.3007
  -17.3704
  -17.4353
  -17.4958
  -17.5522
  -17.6050
  -17.6545
  -17.7010
  -17.7447
  -17.7859
  -17.8247
  -17.8614
  -17.8961
  -17.9290
  -17.9602
  -17.9898
  -18.0180
  -18.0448
  -18.0704
  -18.0948
  -18.1181
  -18.1404
  -18.1617
  -18.1821
  -18.2016
  -18.2204
  -18.2384
  -18.2557
  -18.2724
  -18.2884
  -18.3038
  -18.3186
  -18.3330
  -18.3468
  -18.3601
  -18.3730
  -18.3854
  -18.3974
  -18.4091
  -18.4203
  -18.4312
  -18.4417
  -18.4520
  -18.4619
  -18.4715
  -18.4808
  -18.4898
  -18.4986
  -18.5071
  -18.5154
  -18.5235
  -18.5313
  -18.5389
  -18.5463
  -18.5535
  -18.5605
  -18.5673
  -18.5740
  -18.5804
  -18.5867
  -18.5929
  -18.5988
  -18.6047
  -18.6104
  -18.6159
  -18.6213
  -18.6266
  -18.6317
  -18.6368
  -18.6417
  -18.6465
  -18.6511
  -18.6557
  -18.6602
  -18.6645
  -18.6688
  -18.6730
  -18.6771
  -18.6810
  -18.6849
  -18.6887
  -18.6925
  -18.6961
  -18.6997
  -18.7032
  -18.7066
  -18.7099
  -18.7132
  -18.7164
  -18.7195
  -18.7226
  -17.8919
  -17.8675
  -17.8426
  -17.8170
  -17.7909
  -17.7641
  -17.7367
  -17.7086
  -17.6799
  -17.6504
  -17.6203
  -17.5895
  -17.5579
  -17.5256
  -17.4925
  -17.4586
  -17.4239
  -17.3884
  -17.3520
  -17.3148
  -17.2767
  -17.2376
  -17.1977
  -17.1568
  -17.1149
  -17.0720
  -17.0281
  -16.9832
  -16.9372
  -16.8901
  -16.8419
  -16.7925
  -16.7419
  -16.6902
  -16.6372
  -16.5829
  -16.5274
  -16.4705
  -16.4123
  -16.3527
  -16.2917
  -16.2292
  -16.1653
  -16.0998
  -16.0327
  -15.9641
  -15.8938
  -15.8219
  -15.7482
  -15.6728
  -15.5956
  -15.5165
  -15.4356
  -15.3528
  -15.2679
  -15.1811
  -15.0922
  -15.0011
  -14.9079
  -14.8125
  -14.7148
  -14.6148
  -14.5124
  -14.4076
  -14.3003
  -14.1904
  -14.0779
  -13.9627
  -13.8448
  -13.7240
  -13.6004
  -13.4739
  -13.3443
  -13.2117
  -13.0759
  -12.9368
  -12.7945
  -12.6487
  -12.4995
  -12.3468
  -12.1904
  -12.0303
  -11.8663
  -11.6985
  -11.5267
  -11.3507
  -11.1706
  -10.9862
  -10.7974
  -10.6042
  -10.4063
  -10.2037
   -9.9963
   -9.7839
   -9.5665
   -9.3439
   -9.1160
   -8.8827
   -8.6438
   -8.3993
   -8.1489
   -7.8925
   -7.6301
   -7.3614
   -7.0863
   -6.8047
   -6.5163
   -6.2211
   -5.9189
   -5.6094
   -5.2926
   -4.9683
   -4.6362
   -4.2963
   -3.9482
   -3.5918
   -3.2270
   -2.8535
   -2.4711
   -2.0795
   -1.6787
   -1.2683
   -0.8482
   -0.4180
    0.0224
    0.4733
    0.9349
    1.4075
    1.8914
    2.3868
    2.8939
    3.4132
    3.9448
    4.4891
    5.0463
    5.6168
    6.2009
    6.7989
    7.4111
    8.0379
    8.6796
    9.3366
   10.0093
   10.6979
   11.4030
   12.1248
   12.8639
   13.6205
   14.3951
   15.1882
   16.0001
   16.8314
   17.6825
   18.5539
   19.4460
   20.3593
   21.2944
   22.2517
   23.2318
   24.2353
   25.2627
   26.3145
   27.3913
   28.4938
   29.6226
   30.7782
   31.9613
   33.1726
   34.4128
   35.6824
   35.6824
   34.4128
   33.1726
   31.9613
   30.7782
   29.6226
   28.4938
   27.3913
   26.3145
   25.2627
   24.2353
   23.2318
   22.2517
   21.2944
   20.3593
   19.4460
   18.5539
   17.6825
   16.8314
   16.0001
   15.1882
   14.3951
   13.6205
   12.8639
   12.1248
   11.4030
   10.6979
   10.0093
    9.3366
    8.6796
    8.0379
    7.4111
    6.7989
    6.2009
    5.6168
    5.0463
    4.4891
    3.9448
    3.4132
    2.8939
    2.3868
    1.8914
    1.4075
    0.9349
    0.4733
    0.0224
   -0.4180
   -0.8482
   -1.2683
   -1.6787
   -2.0795
   -2.4711
   -2.8535
   -3.2270
   -3.5918
   -3.9482
   -4.2963
   -4.6362
   -4.9683
   -5.2926
   -5.6094
   -5.9189
   -6.2211
   -6.5163
   -6.8047
   -7.0863
   -7.3614
   -7.6301
   -7.8925
   -8.1489
   -8.3993
   -8.6438
   -8.8827
   -9.1160
   -9.3439
   -9.5665
   -9.7839
   -9.9963
  -10.2037
  -10.4063
  -10.6042
  -10.7974
  -10.9862
  -11.1706
  -11.3507
  -11.5267
  -11.6985
  -11.8663
  -12.0303
  -12.1904
  -12.3468
  -12.4995
  -12.6487
  -12.7945
  -12.9368
  -13.0759
  -13.2117
  -13.3443
  -13.4739
  -13.6004
  -13.7240
  -13.8448
  -13.9627
  -14.0779
  -14.1904
  -14.3003
  -14.4076
  -14.5124
  -14.6148
  -14.7148
  -14.8125
  -14.9079
  -15.0011
  -15.0922
  -15.1811
  -15.2679
  -15.3528
  -15.4356
  -15.5165
  -15.5956
  -15.6728
  -15.7482
  -15.8219
  -15.8938
  -15.9641
  -16.0327
  -16.0998
  -16.1653
  -16.2292
  -16.2917
  -16.3527
  -16.4123
  -16.4705
  -16.5274
  -16.5829
  -16.6372
  -16.6902
  -16.7419
  -16.7925
  -16.8419
  -16.8901
  -16.9372
  -16.9832
  -17.0281
  -17.0720
  -17.1149
  -17.1568
  -17.1977
  -17.2376
  -17.2767
  -17.3148
  -17.3520
  -17.3884
  -17.4239
  -17.4586
  -17.4925
  -17.5256
  -17.5579
  -17.5895
  -17.6203
  -17.6504
  -17.6799
  -17.7086
  -17.7367
  -17.7641
  -17.7909
  -17.8170
  -17.8426
  -17.8675
  -17.8919
  -18.9157
  -18.9157
  -18.9157
  -18.9157
  -18.9157
  -18.9157
  -18.9157
  -18.9157
  -18.9157
  -18.9157
  -18.9157
  -18.9157
  -18.9157
  -18.9157
  -18.9157
  -18.9157
  -18.9157
  -18.9157
  -18.9157
  -18.9157
  -18.9157
  -18.9157
  -18.9157
  -18.9157
  -18.9157
  -18.9157
  -18.9157
  -18.9157
  -18.9157
  -18.9157
  -18.9157
  -18.9157
  -18.9157
  -18.9157
  -18.9157
  -18.9157
  -18.9157
  -18.9157
  -18.9157
  -18.9157
  -18.9157
  -18.9157
  -18.9157
  -18.9157
  -18.9157
  -18.9157
  -18.9157
  -18.9157
  -18.9157
  -18.9157
  -18.9157
  -18.9157
  -18.9157
  -18.9157
  -18.9157
  -18.9157
  -18.9157
  -18.9157
  -18.9157
  -18.9157
  -18.9157
  -18.9157
  -18.9157
  -18.9157
  -18.9157
  -18.9157
  -18.9157
  -18.9157
  -18.9157
  -18.9157
  -18.9157
  -18.9157
  -18.9157
  -18.9157
  -18.9157
  -18.9157
  -18.9157
  -18.9157
  -18.9157
  -18.9157
  -18.9157
  -18.9157
  -18.9157
  -18.9157
  -18.9157
  -18.9157
  -18.9157
  -18.9157
  -18.9157
  -18.9157
  -18.9157
  -18.9157
  -18.9157
  -18.9157
  -18.9157
  -18.9157
  -18.9157
  -18.9157
  -18.9157
  -18.9157
  -18.9157
  -18.9157
    6.0843
    6.0843
    6.0843
    6.0843
    6.0843
    6.0843
    6.0843
    6.0843
    6.0843
    6.0843
    6.0843
    6.0843
    6.0843
    6.0843
    6.0843
    6.0843
    6.0843
    6.0843
    6.0843
    6.0843
    6.0843
    6.0843
    6.0843
    6.0843
    6.0843
    6.0843
    6.0843
    6.0843
    6.0843
    6.0843
    6.0843
    6.0843
    6.0843
    6.0843
    6.0843
    6.0843
    6.0843
    6.0843
    6.0843
    6.0843
    6.0843
    6.0843
    6.0843
    6.0843
    6.0843
    6.0843
    6.0843
    6.0843
    6.0843
    6.0843
    6.0843
    6.0843
    6.0843
    6.0843
    6.0843
    6.0843
    6.0843
    6.0843
    6.0843
    6.0843
    6.0843
    6.0843
    6.0843
    6.0843
    6.0843
    6.0843
    6.0843
    6.0843
    6.0843
    6.0843
    6.0843
    6.0843
    6.0843
    6.0843
    6.0843
    6.0843
    6.0843
    6.0843
    6.0843
    6.0843
    6.0843
    6.0843
    6.0843
    6.0843
    6.0843
    6.0843
    6.0843
    6.0843
    6.0843
    6.0843
    6.0843
    6.0843
    6.0843
    6.0843
    6.0843
    6.0843
    6.0843
    6.0843
    6.0843
    6.0843
    6.0843
    6.0843
    6.0843
    6.0843
    6.0843
    6.0843
    6.0843
    6.0843
    6.0843
    6.0843
    6.0843
    6.0843
    6.0843
    6.0843
    6.0843
    6.0843
    6.0843
    6.0843
    6.0843
    6.0843
    6.0843
    6.0843
    6.0843
    6.0843
    6.0843
    6.0843
    6.0843
    6.0843
    6.0843
    6.0843
    6.0843
    6.0843
    6.0843
    6.0843
    6.0843
    6.0843
    6.0843
    6.0843
    6.0843
    6.0843
    6.0843
    6.0843
    6.0843
    6.0843
    6.0843
    6.0843
    6.0843
    6.0843
    6.0843
    6.0843
    6.0843
    6.0843
    6.0843
    6.0843
    6.0843
    6.0843
    6.0843
    6.0843
    6.0843
    6.0843
    6.0843
    6.0843
    6.0843
    6.0843
    6.0843
    6.0843
    6.0843
    6.0843
    6.0843
    6.0843
    6.0843
    6.0843
    6.0843
    6.0843
    6.0843
    6.0843
    6.0843
    6.0843
    6.0843
    6.0843
    6.0843
    6.0843
    6.0843
    6.0843
    6.0843
    6.0843
    6.0843
    6.0843
    6.0843
    6.0843
    6.0843
    6.0843
    6.0843
    6.0843
    6.0843
    6.0843
    6.0843
    6.0843
    6.0843
    6.0843
    6.0843
    6.0843
    6.0843
    6.0843
   34.6686
   34.6547
   34.6405
   34.6261
   34.6115
   34.5968
   34.5818
   34.5666
   34.5512
   34.5356
   34.5198
   34.5038
   34.4875
   34.4710
   34.4543
   34.4374
   34.4202
   34.4028
   34.3852
   34.3673
   34.3491
   34.3307
   34.3121
   34.2932
   34.2740
   34.2546
   34.2349
   34.2149
   34.1947
   34.1742
   34.1534
   34.1323
   34.1109
   34.0892
   34.0672
   34.0450
   34.0224
   33.9995
   33.9763
   33.9527
   33.9289
   33.9047
   33.8802
   33.8553
   33.8301
   33.8046
   33.7787
   33.7524
   33.7258
   33.6988
   33.6714
   33.6437
   33.6156
   33.5871
   33.5582
   33.5289
   33.4992
   33.4691
   33.4385
   33.4076
   33.3762
   33.3444
   33.3121
   33.2795
   33.2463
   33.2127
   33.1786
   33.1441
   33.1091
   33.0736
   33.0376
   33.0011
   32.9642
   32.9267
   32.8887
   32.8501
   32.8111
   32.7714
   32.7313
   32.6906
   32.6493
   32.6075
   32.5651
   32.5221
   32.4785
   32.4343
   32.3895
   32.3441
   32.2980
   32.2514
   32.2040
   32.1561
   32.1074
   32.0581
   32.0081
   31.9574
   31.9061
   31.8540
   31.8012
   31.7476
   31.6934
   31.6383
   31.5826
   31.5260
   31.4687
   31.4106
   31.3516
   31.2919
   31.2313
   31.1699
   31.1077
   31.0446
   30.9806
   30.9158
   30.8500
   30.7834
   30.7158
   30.6473
   30.5779
   30.5075
   30.4361
   30.3637
   30.2904
   30.2160
   30.1406
   30.0641
   29.9867
   29.9081
   29.8284
   29.7477
   29.6658
   29.5829
   29.4987
   29.4134
   29.3270
   29.2393
   29.1504
   29.0603
   28.9690
   28.8764
   28.7825
   28.6874
   28.5909
   28.4931
   28.3939
   28.2934
   28.1915
   28.0881
   27.9834
   27.8772
   27.7695
   27.6604
   27.5498
   27.4376
   27.3239
   27.2086
   27.0917
   26.9732
   26.8531
   26.7313
   26.6078
   26.4827
   26.3558
   26.2271
   26.0967
   25.9645
   25.8305
   25.6946
   25.5568
   25.4172
   25.2756
   25.1320
   24.9865
   24.8390
   24.6894
   24.5378
   24.3841
   24.2282
   24.0703
   23.9101
   23.7477
   23.5831
   23.4162
   23.2470
   23.0755
   22.9016
   22.7253
   22.5466
   22.3654
   22.1818
   21.9955
   21.8068
   21.6154
   21.4214
   21.2247
   21.0252
   20.8231
   20.6181
   20.4103
   20.1997
   19.9861
   19.7696
   19.5502
   19.3277
   19.1021
   18.8734
   18.6415
   18.4065
   18.1682
   17.9266
   17.6817
   17.4335
   17.1817
   16.9266
   16.6679
   16.4056
   16.1397
   15.8702
   15.5969
   15.3199
   15.0390
   14.7543
   14.4656
   14.1730
   13.8763
   13.5755
   13.2706
   12.9615
   12.6481
   12.3304
   12.0083
   11.6818
   11.3507
   11.0151
   10.6749
   10.3300
    9.9803
    9.6258
    9.2664
    8.9020
    8.5326
    8.1582
    7.7785
    7.3936
    7.0035
    6.6079
    6.2069
    5.8003
    5.3882
    4.9703
    4.5467
    4.1173
    3.6819
    3.2405
    2.7930
    2.3394
    1.8795
    1.4133
    0.9406
    0.4614
   -0.0244
   -0.5169
   -1.0162
   -1.5224
   -2.0355
   -2.5558
   -3.0832
   -3.6179
   -4.1600
   -4.7095
   -5.2666
   -5.8314
   -6.4040
   -6.9845
   -7.5730
   -8.1696
   -8.7745
   -9.3877
  -10.0093
  -10.6395
  -11.2784
  -11.9262
  -12.5828
  -13.2486
  -13.9235
  -14.6077
  -15.3013
  -16.0045
  -16.7174
  -17.4402
  -18.1729
  -18.9157
  -18.9157
  -18.9157
  -18.9157
  -18.9157
  -18.9157
  -18.9157
  -18.9157
  -18.9157
  -18.9157
  -18.9157
  -18.9157
  -18.9157
  -18.9157
  -18.9157
  -18.9157
  -18.9157
  -18.9157
  -18.9157
  -18.9157
  -18.9157
  -18.9157
  -18.9157
  -18.9157
  -18.9157
  -18.9157
  -18.9157
  -18.9157
  -18.9157
  -18.9157
  -18.9157
  -18.9157
  -18.9157
  -18.9157
  -18.9157
  -18.9157
  -18.9157
  -18.9157
  -18.9157
  -18.9157
  -18.9157
  -18.9157
  -18.9157
  -18.9157
  -18.9157
  -18.9157
  -18.9157
  -18.9157
  -18.9157
  -18.9157
  -18.9157
  -18.9157
  -18.9157
  -18.9157
  -18.9157
  -18.9157
  -18.9157
  -18.9157
  -18.9157
  -18.9157
  -18.9157
  -18.9157
  -18.9157
  -18.9157
  -18.9157
  -18.9157
  -18.9157
  -18.9157
  -18.9157
  -18.9157
  -18.9157
  -18.9157
  -18.9157
  -18.9157
  -18.9157
  -18.9157
  -18.9157
  -18.9157
  -18.9157
  -18.9157
  -18.9157
  -18.9157
  -18.9157
  -18.9157
  -18.6174
  -18.6269
  -18.6361