-23.284
-3.357
-20.603
-23.371
-22.426
-17.092
-21.397
-28.126
-21.815
-19.01
-15.644
-24.343
-6.9086
-16.543
-27.623
-32.676
-19.131
-33.058
-16.404
-16.554
-16.597
-28.147
-11.72
-19.762
-17.917
-30.265
-28.778
-16.757
-49.071
-25.636
-14.84
-19.688
-18.029
-11.195
-15.627
-36.922
-14.54
-13.559
-23.549
-18.103
-4.5694
-15.83
-17.765
0.32763
-18.621
-29.47
-15.848
-21.249
-22.182
-19.676
-31.53
-24.695
-23.848
-17.065
-14.074
-24.261
-28.602
-25.476
-27.355
-23.254
-26.613
-23.197
-15.26
-28.032
-22.868
-7.4645
-18.338
-8.9962
-9.0862
-11.31
-22.294
-7.142
-24.026
-25.832
-15.605
-12.204
-4.9888
-1.5818
-8.9221
-2.3344
-9.878
-8.6933
-5.3688
-11.542
-9.268
-22.544
-26.763
-5.3669
-6.556
-15.125
-12.335
-13.81
-30.686
-15.386
-12.624
-22.537
-19.086
-27.635
-14.532
-15.145
-6.8456
-10.128
-27.292
-4.2445
-16.759
-0.2919
-8.0843
-10.402
-4.6019
3.3559
-18.919
-16.411
-13.299
-14.416
-12.553
-11.855
-16.377
-17.973
-5.8667
-18.956
-3.4812
-13.184
0.29695
0.94151
-21.029
-7.5537
-15.911
-15.916
-17.752
-5.8777
-1.3295
-25.211
4.4829
-16.407
-16.997
-14.732
-12.004
-7.6576
0.39255
-16.959
-9.3373
7.3968
-8.1717
4.2229
-14.264
-9.3137
-29.17
0.29575
-7.6745
-4.4143
5.8354
-15.896
12.219
-5.5704
0.77613
1.1172
-12.263
6.552
-4.9797
-4.5101
-4.3414
-3.5258
17.241
-5.2549
-13.488
-27.264
-7.5765
-6.1338
-3.9511
9.8368
0.2223
3.9129
-15.601
13.429
4.0929
7.0216
3.3162
7.6822
-6.5681
7.5858
-8.7955
4.3272
14.82
2.8402
12.646
-0.31762
-9.8592
4.0365
2.452
21.387
17.088
8.9821
2.7579
-7.3733
-6.8012
10.342
20.49
0.8765
3.708
13.388
-0.96695
7.204
17.32
5.6176
-5.9792
15.901
14.452
22.668
-1.0771
16.029
13.518
9.5174
25.408
9.26
8.9688
22.621
23.582
-9.8591
19.057
27.717
23.616
7.7308
9.9215
10.2
12.437
34.767
15.196
40.214
7.9604
21.83
30.265
27.761
33.556
29.169
18.741
22.697
30.599
15.62
43.493
28.039
31.758
18.627
13.876
23.208
8.9872
31.6
27.226
36.528
41.212
29.515
28.212
19.449
38.768
26.084
34.531
36.565
26.737
27.335
16.585
38.124
27.223
40.633
45.803
30.315
36.158
29.246
41.093
12.956
34.56
27.978
37.836
49.018
41.448
48.125
43.973
33.096
44.47
22.984
52.057
45.992
39.817
30.705
37.481
38.062
31.206
36.11
40.179
41.554
46.638
41.942
34.327
38.383
16.563
8.3571
14.048
2.6007
12.065
34.625
20.6
25.956
9.6083
-0.54159
30.851
16.744
4.2985
7.7267
8.8596
0.71419
3.7427
31.269
-10.528
10.138
14.057
22.134
24.475
0.54887
16.87
11.876
6.0045
13.818
4.8357
10.087
-6.3879
10.78
14.21
19.221
22.323
13.149
15.665
13.377
16.595
17.048
20.41
23.787
15.735
26.973
22.379
13.023
21.637
28.526
28.483
14.407
18.041
17.585
24.655
2.5083
12.432
3.6533
22.973
15.156
16.162
2.4746
8.3316
5.9839
12.361
7.4214
14
9.5958
13.635
17.683
22.521
4.1641
18.233
7.5243
15.939
28.695
13.69
20.103
25.422
28.622
2.9986
0.30212
1.035
9.1652
15.722
10.302
1.9716
6.0379
21.085
12.421
18.189
23.055
28.871
6.5477
20.319
1.8326
10.764
-6.4276
8.7384
2.6502
5.5615
8.8324
13.201
8.911
0.33276
-10.009
14.179
10.011
-4.6928
6.4399
18.611
23.997
-2.3922
16.237
10.257
12.598
7.5121
6.4512
9.88
32.448
53.41
32.227
42.573
34.448
22.632
16.199
27.832
29.826
35.897
36.658
52.009
29.977
34.242
27.465
22.414
15.83
33.679
27.579
24.356
23.176
39.236
29.282
20.597
29.087
9.8547
36.573
20.379
11.35
23.456
44.136
47.221
31.069
29.854
19.414
32.661
27.392
20.959
27.26
8.4139
9.1951
23.49
9.1229
9.4945
28.185
16.68
24.277
28.838
11.862
25.094
20.029
34.65
-6.7873
13.694
16.269
26.762
23.702
-5.1511
14.589
-7.1357
12.121
20.168
23.955
15.161
1.7249
14.052
26.853
10.16
-1.8493
-9.8876
20.196
7.8056
17.971
13.178
3.2892
5.9834
21.036
12.014
-5.2921
19.84
13.767
12.592
-11.669
6.0153
5.3017
9.7841
6.6692
2.7381
-11.084
8.3794
1.1246
5.459
0.98959
1.8976
-5.0126
1.6917
1.3915
2.9059
-1.3862
-12.877
9.9319
-16.751
0.69496
-12.738
-3.2789
-6.4192
10.861
-9.4986
3.1937
-2.1638
8.3486
-0.68636
10.071
-21.287
-3.591
-23.594
-0.11486
-12.361
-16.847
-11.221
-19.721
-0.22824
-16.779
6.2961
4.0948
-19.208
-14.349
-9.5533
-3.9598
0.66178
8.2644
-7.9377
5.1026
-15.23
-4.5463
3.8527
0.7388
-24.104
-7.2815
-18.266
-14.716
-21.232
-5.9749
-17.584
-16.571
-6.5647
6.3923
-2.2029
-27.782
-10.124
-31.351
-15.128
-8.9537
-34.075
-17.392
-20.712
-18.491
-11.333
-19.032
-1.7554
-19.547
-8.576
-4.4074
-20.207
-30.248
-8.1637
-23.476
-8.0184
-27.768
-9.1003
-7.1076
-9.9034
-22.914
-8.0827
0.30529
-32.805
-4.5671
-19.598
-26.75
-33.747
-32.609
-16.813
-22.906
5.13
-26.341
-6.6228
-6.4965
-18.742
-5.6177
-16.757
-12.337
-31.364
-8.0216
-17.211
-19.753
-12.706
-18.138
-19.747
-13.668
-26.384
-21.909
-20.515
-17.504
-5.7041
-18.106
-17.694
-12.148
-14.654
-5.3626
-15.576
-18.336
-21.266
-14.3
5.0529
-15.675
-22.997
-13.375
-20.479
-25.881
-34.39
-23.745
-8.8531
-16.676
-21.128
-29.059
-23.484
-16.798
-5.0703
-21.626
-16.885
2.3811
-11.132
-25.453
-24.417
-17.002
-19.143
-8.95
-9.0466
-17.866
1.5604
-16.494
-11.313
-19.015
-22.442
-23.271
-28.733
-25.928
-10.86
-17.413
-17.339
-27.436
-22.325
-25.993
-27.796
-18.706
-14.217
-1.4798
-22.6
-1.6851
-16.211
-20.996
-27.472
-47.526
-18.185
-16.12
-7.9427
-19.744
-27.885
-19.409
-25.415
-29.4
-20.653
-15.254
-24.547
-17.893
-17.104
-16.758
-27.051
-27.45
-6.9958
-1.3321
-21.463
-7.8383
-19.281
-18.279
-2.3371
-22
-23.66
-16.297
-24.586
-31.547
-34.896
-4.4452
-23.793
-8.0548
-16.746
-9.3457
-15.34
-24.829
-23.524
-8.9656
-21.286
-1.1452
-21.225
-20.761
-20.235
-18.427
-13.704
-19.254
-14.522
-14.843
-11.4
-22.391
-10.609
-26.93
-27.181
-23.971
-33.148
-18.048
-25.405
-5.7243
-5.0452
-26.872
-14.206
-14.886
-6.7235
-25.065
-10.641
-11.661
-32.806
2.9419
-25.857
-24.002
-6.4834
-17.338
-27.545
-18.281
-10.698
-31.817
-10.46
-24.878
-17.803
-24.373
-26.515
-23.42
-21.738
-10.809
-28.618
-17.946
-14.554
-34.888
-15.765
-31.607
2.6963
-26.316
-27.118
-19.076
-10.873
-4.0377
-10.004
-12.77
-17.469
4.8521
-1.755
-5.03
-11.988
-16.888
-15.196
-15.381
-27.553
-17.733
-13.899
-10.55
-4.1488
-9.4488
1.7634
-11.045
4.2308
-16.598
3.4986
4.0917
-0.50251
-8.447
-1.0168
6.6207
-6.2493
-10.245
-10.682
-5.2601
-2.1112
10.161
2.7956
6.4117
16.023
13.396
21.087
31.316
7.2167
12.237
24.003
2.7403
16.868
28.175
27.007
21.758
35.986
13.187
32.547
46.067
36.934
39.323
18.271
40.041
52.239
22.761
38.977
24.501
10.017
16.998
17.174
10.046
2.4388
28.399
-11.828
10.204
4.0493
1.936
3.2224
-20.415
0.19965
3.8437
-10.75
-8.5223
-5.8716
-12.444
-6.633
-20.808
-2.6109
-5.5882
4.4375
-9.639
-2.4765
-4.5566
-17.033
-16.082
2.0981
-9.8642
-7.5993
-0.044582
-13.834
11.175
-12.576
-0.68442
-16.111
0.26519
-5.6824
2.8238
-3.442
-14.593
1.9008
-9.9374
-22.93
-16.985
-11.972
-5.1419
-18.096
-24.728
7.8454
-6.2429
-2.2983
-2.7469
-15.591
-16.643
-22.073
3.4478
-28.574
-17.347
-13.503
-6.5223
2.0601
-15.969
-14.034
-16.894
8.8912
3.4048
-10.88
6.3585
15.334
14.65
-3.178
-8.715
17.057
14.954
17.757
3.4528
-8.0884
9.927
-11.561
-8.5685
-20.496
-7.7911
-14.099
-11.957
-12.21
-11.692
-11.014
-19.2
-29.177
-14.765
-0.65016
-0.33278
-36.596
-14.867
-15.878
-0.99246
-17.619
-27.982
-29.09
-19.192
-25.967
-19.127
-14.596
-22.263
4.4207
-17.263
-20.198
-21.521
-17.946
-19.299
-7.9216
-27.188
-11.253
-7.9891
-4.5993
-9.9983
-20.286
-6.5646
-5.2438
-23.732
-28.882
-3.4778
-16.809
-19.573
-31.872
-5.2653
-5.7812
-2.5262
-34.13
-31.699
-26.092
-35.145
-29.202
-24.126
-11.93
-25.844
-29.06
-18.601
-23.427
-25.353
-25.044
-24.023
-35.787
-11.791
-11.714
-0.67997
-14.258
-17.841
-14.906
-16.818
-31.55
-9.2338
-23.29
-22.367
-5.082
-23.297
-22.21
-22.687
-4.0359
-13.21
-20.457
-14.14
-43.732
-25.708
-20.387
-27.956
-26.651
-36.294
-20.786
-12.821
-13.471
-1.5733
-20.702
-16.322
-24.584
-9.6018
-17.761
-17.629
-21.722
-19.574
-25.227
-10.447
-4.2871
-9.0867
-9.2887
-12.851
-15.097
-25.56
-13.604
-23.422
-28.401
-8.9979
-36.359
-32.401
-15.091
-21.811
-24.812
-25.355
-10.384
-19.205
-5.3228
-21.009
-36.405
-37.741
-30.004
-19.09
-21.954
-13.678
-25.407
-28.885
-3.7817
-20.056
-11.809
-36.833
-16.103
-5.9353
-18.958
-7.8145
-31.56
-25.456
-19.965
-14.945
-13.616
-21.401
-11.601
-11.299
-10.942
-11.501
-8.5554
-14.503
-24.315
-22.972
-14.728
-6.1166
-13.96
-9.6481
-18.444
-19.405
-15.572
-13.71
-2.8846
-35.796
-20.549
-9.6555
5.461
-17.255
-21.901
-12.224
-12.372
-3.354
-27.207
-21.073
-2.8522
4.4278
-15.527
-31.344
-16.049
-2.1733
-12.117
-27.59
-21.443
-12.961
-28.3
-23.636
-5.4409
-14.287
-24.706
-4.3115
-26.371
-18.241
-11.637
2.3784
-27.98
-29.019
-20.298
-9.7436
-14.508
-22.286
-8.35
-6.3526
-11.266
-17.129
-12.227
-12.754
-15.608
-4.3308
-14.685
-18.746
2.4366
-8.4425
-3.2018
-3.1057
-8.7198
-18.737
-4.7758
-18.5
-13.878
-16.444
-2.7194
-8.7909
14.397
-18.421
-18.321
4.3257
4.697
-19.741
-13.226
-7.251
-17.161
-18.715
1.6266
-7.2027
-10.902
5.2901
-2.5178
-5.3973
-9.1823
-4.1448
-4.152
10.569
0.46935
5.7574
-6.8395
4.7335
4.0466
-13.391
2.1993
8.1155
5.1455
-3.535
18.429
15.324
5.4838
4.3274
11.746
15.149
24.547
4.4756
7.3582
-1.0763
9.1596
1.2484
6.8233
29.448
16.462
-4.1502
3.7511
19.399
13.075
2.8527
21.509
17.957
24.987
17.638
14.706
31.338
24.623
11.339
20.605
22.09
48.441
42.951
8.1179
46.248
47.837
44.402
29.034
28.689
18.833
41.357
32.914
43.943
37.913
27.422
33.779
23.889
15.232
28.346
37.403
25.796
21.087
19.866
32.002
11.208
30.391
22.881
4.6456
9.299
-0.51835
0.21632
11.889
27.586
14.897
12.001
26.259
13.948
-1.3478
10.877
9.0949
6.156
3.317
4.2901
4.4025
-2.8027
4.386
-12.558
22.004
14.137
5.5887
-8.9664
9.7708
1.2996
21.043
-5.8541
13.717
11.064
-1.2088
-8.1776
-2.7734
-13.037
-13.959
4.0973
18.173
-19.423
-1.2006
10.126
-9.4522
-18.931
-1.6171
-25.532
-11.778
1.5803
-6.3552
-5.3223
-16.02
-16.498
-0.82597
-3.2274
-11.948
-3.2139
-10.602
5.774
4.1674
3.1507
-8.613
-13.244
-26.706
-11.656
-15.054
-6.0077
-6.9363
-1.5178
-11.697
-21.157
-0.13396
-33.29
-9.8072
-26.072
15.085
-5.182
-6.4079
-11.305
-11.964
-16.719
-17.453
-24.923
8.3215
-21.731
-32.252
-18.77
-17.934
-11.738
-11.268
-17.451
-8.3471
-34.473
-19.962
-12.206
-19.106
-15.132
-31.259
-22.106
-18.683
-22.85
-19.798
-12.358
-14.824
-22.703
-26.525
-17.852
-20.804
-31.94
-10.171
-7.0835
-15.061
-26.663
-19.135
-22.483
-9.5182
-3.0345
-14.101
-23.383
-15.471
-15.129
-17.89
-22.225
-21.817
-21.25
-27.115
-22.772
-6.8238
-18.943
-11.839
-30.814
-15.325
-25.463
-25.869
-11.302
-7.4028
-23.706
-25.997
-18.986
-9.8375
-4.0585
-9.0497
-11.902
-20.973
-27.144
-16.042
-20.009
-21.831
-38.804
-6.2455
-16.263
-12.353
-20.705
-32.955
-13.868
-12.118
1.0447
-33.269
-2.5988
-17.079
-19.969
-3.3521
-8.3949
-20.249
-6.5386
-16.562
-20.525
-23.685
-2.1156
-20.954
-26.708
-35.411
-20.605
-16.74
-9.9769
-1.0325
-10.343
-23.586
-14.01
-11.347
-6.7977
-29.563
-47.253
-20.006
-4.688
-19.682
-25.426
-14
-7.7958
-16.026
-7.3471
-27.758
-18.007
-29.939
-18.542
-24.172
-25.162
-25.347
-26.406
-21.4
-18.123
-24.809
-24.083
-39.111
-15.325
-20.02
-36.081
-33.657
-8.3147
-10.232
-22.629
-21.038
-28.677
-26.338
-26.334
-34.194
-20.405
-30.069
-21.008
-3.6059
-20.444
-34.048
-20.765
-25.266
-13.845
-17.015
-22.898
-13.082
-18.981
-10.291
-17.259
-10.458
-7.5429
-17.803
-18.937
-27.35
-21.55
-38.932
-22.794
-19.175
-18.53
-18.016
-19.599
-30.667
-18.95
-22.879
-15.095
-17.923
-18.034
-19.485
-35.471
-16.634
-10.213
-2.8835
-23.456
14.624
9.6548
17.198
7.0493
7.0446
1.0914
11.956
10.612
-16.955
-6.1303
4.1132
3.8299
12.398
19.158
-0.27375
1.597
13.699
10.142
24.443
10.079
-4.4411
18.368
10.378
-22.805
13.824
12.504
11.854
7.7084
-1.0288
13.642
-2.7193
4.4565
18.492
18.05
-14.333
19.507
0.81459
20.02
-5.9516
-4.6288
4.7167
12.739
4.5837
-0.074018
0.4748
7.4212
14.722
-10.526
-1.3739
11.707
-2.9496
10.411
16.871
5.3217
-1.8625
15.165
-5.2343
12.964
21.477
10.511
0.94539
26.586
-4.8174
8.3822
-1.4029
5.8713
9.3811
14.655
9.523
-7.5007
3.0498
-6.7253
-0.28229
7.4203
2.139
2.4733
11.459
14.949
8.6252
-5.1269
-2.6104
12.027
17.979
11.764
0.24559
-1.038
11.495
5.8292
20.502
3.0594
4.1075
21.109
12.571
-16.228
12.467
3.2808
-7.1343
12.737
7.2738
1.6583
8.1276
13.981
0.69495
-10.152
0.39716
2.0159
8.6334
-0.6512
-1.9992
7.0427
18.816
16.488
4.9701
9.0527
14.501
-0.1527
4.1078
18.308
10.812
1.3122
2.3616
15.994
23.343
8.2354
10.962
10.528
-4.6543
10.315
-0.2688
-11.694
16.437
1.359
3.0238
18.815
6.6618
3.4737
1.9552
7.5629
5.8688
5.051
16.977
-2.3396
-10.418
19.365
12.483
-10.106
12.545
-1.1625
8.7173
10.111
-3.544
1.3918
-5.8162
-1.0375
2.3166
-5.4593
2.4114
-7.4821
20.388
9.1878
12.931
8.2119
-8.7902
-0.17844
7.1733
-21.385
-8.9182
11.183
0.56281
7.1029
24.134
-17.761
23.178
-0.1842
-2.3111
26.429
17.119
25.515
4.5286
9.1095
13.866
13.175
-0.51811
5.1335
7.1133
-13.822
-2.8566
2.4336
15.317
11.684
-5.1737
-3.5323
1.0377
0.31388
6.2344
8.0692
19.018
17.978
16.241
10.787
12.335
-6.3001
6.3576
11.782
43.682
44.521
38.472
28.655
30.38
49.119
34.555
39.858
31.805
23.093
49.463
29.659
41.44
41.769
37.803
35.714
47.979
39.124
14.027
31.242
37.606
30.526
23.815
40.319
41.193
19.403
17.167
31.364
29.307
18.046
46.828
41.997
41.14
40.661
33.858
42.804
36.663
37.918
28.231
55.959
39.218
28.844
33.258
36.275
40.926
42.019
30.912
39.112
41.318
47.927
28.794
34.469
45.279
38.175
32.637
20.185
36.094
42.087
28.241
38.367
29.604
49.243
36.676
34.913
31.352
36.334
39.491
35.368
37.098
39.843
29.134
28.064
34.98
16.583
38.068
41.037
28.91
31.433
20.909
42.729
33.077
29.272
33.654
32.36
38.319
29.735
25.902
27.186
38.619
20.526
37.578
34.475
18.601
24.66
30.047
27.553
27.406
39.003
31.739
34.493
20.114
39.215
21.319
30.185
21.669
19.205
18.702
35.624
26.186
18.533
27.401
30.168
45.226
49.208
41.544
23.955
38.1
35.573
20.112
35.67
24.805
26.717
30.924
36.097
41.431
28.26
36.464
32.54
24.003
40.875
22.076
23.36
38.029
29.691
38.643
23.173
16.404
20.163
25.184
24.793
39.483
31.283
47.059
23.171
44.656
30.718
22.512
19.2
43.554
25.095
25.49
23.88
25.528
20.483
34.972
24.522
28.174
25.361
23.397
44.705
33.328
22.979
27.158
30.248
8.7213
32.182
29.024
16.005
36.323
20.444
26.699
19.192
23.226
34.757
32.323
26.46
25.014
17.377
11.102
28.133
5.1501
42.233
24.447
28.077
42.3
27.31
25.261
17.654
23.063
16.779
25.413
34.655
4.3722
18.154
3.9162
12.369
20.652
23.993
14.512
11.06
37.357
23.634
27.409
32.068
34.331
5.9457
23.422
7.2333
11.027
12.892
6.5736
19.085
12.68
7.4978
20.272
4.9809
13.806
14.091
3.8748
6.7252
28.742
14.873
10.238
21.647
18.69
6.0495
16.43
9.087
20.611
-4.8902
27.745
3.8831
-7.5901
17.499
8.8123
-1.3915
16.99
21.796
16.418
-4.4517
29.883
7.4212
11.657
5.8797
7.6464
3.1803
6.035
4.1565
9.5551
12.749
-7.0927
9.6613
16.829
5.2468
2.8642
0.46406
-1.6785
6.663
15.195
5.0558
13.189
17.834
13.348
-12.679
-6.2294
-1.2382
-8.5367
-8.0925
3.3416
-12.187
3.9664
-7.6396
-11.233
-14.483
-15.578
-10.772
-4.674
-4.8176
-0.51776
-3.6372
-17.788
-20.076
-20.133
-7.0882
-3.7426
-23.317
-15.275
-14.185
-8.4899
1.5948
-15.304
-21.527
-24.041
-3.3885
-19.625
-26.141
-21.61
-14.87
-25.351
-8.9279
-30.385
-16.054
-14.089
-34.291
-19.964
-20.261
-24.657
-13.454
-29.102
-20.386
-9.608
-4.6656
-24.163
-13.515
-20.359
-9.7412
-17.243
-29.981
-24.813
-9.2249
-26.538
-14.083
-38.667
-35.336
-15.315
-3.9198
-38.686
-13.088
-17.855
-16.558
-15.23
-12.302
-22.174
-26.535
-36.791
-18.757
-23.92
-11.312
-10.1
-29.685
-4.0244
-26.765
-16.714
-34.191
-19.516
-34.079
-19.651
-15.083
-15.127
-18.75
-17.129
-21.227
-11.201
-23.241
-23.085
-13.893
-15.125
-14.8
-30.812
-25.129
-25.928
-27.331
-35.331
-20.55
-17.147
-24.375
-6.0143
-22.534
-21.642
-11.512
-29.157
-27.753
-22.663
-7.2419
-14.249
-9.5624
-19.248
-15.914