-2.7498
9.3274
9.079
5.8633
10.053
3.3498
6.6873
8.199
7.0791
1.3147
2.0513
3.8134
2.2571
-2.1147
9.6135
8.4896
2.8318
13.326
5.593
12.431
11.311
4.2412
3.3223
11.327
8.963
2.3714
2.1402
11.631
3.6478
2.8779
6.0485
10.104
4.9924
10.749
4.8371
4.09
4.248
-3.4607
11.578
6.1269
6.0628
2.1214
6.6275
8.6017
21.051
13.486
9.5691
5.3801
-3.7928
16.476
1.447
-61.835
-60.453
-70.688
-74.422
-59.068
-65.028
-59.175
-68.516
-62.578
-65.691
-63.997
-60.35
-63.694
-71.333
-67.502
-55.022
-65.053
-65.249
-63.524
-54.971
-75.782
-67.66
-73.24
-64.017
-66.665
-59.721
-66.729
-62.854
-65.814
-67.519
-62.211
-52.885
-62.134
-76.698
-71.132
-72.383
-56.02
-63.441
-60.399
-69.078
-64.681
-66.538
-69.969
-72.389
-67.159
-62.97
-60.313
-67.346
-73.304
-67.051
-58.364
-59.574
-70.126
-64.769
-68.614
-61.202
-65.544
-63.702
-65.589
-60.118
-66.532
-64.632
-69.426
-65.42
-65.456
-70.868
-55.589
-74.294
-70.16
-60.268
-69.056
-59.577
-65.52
-70.642
-72.285
-58.814
-61.191
-62.048
-63.418
-71.139
-58.297
-61.147
-69.997
-67.607
-66.131
-67.18
-72.625
-76.332
-66.26
-73.25
-65.69
-53.717
-66.96
-58.935
-61.61
-67.233
-59.537
-62.499
-64.347
-57.885
-61.337
-49.27
23.881
24.759
30.3
21.572
29.691
31.898
25.698
34.042
38.254
22.001
31.52
32.122
30.176
25.173
38.988
36.554
35.496
37.873
40.108
24.735
29.313
29.61
29.548
28.452
32.463
31.318
41.62
35.97
39.341
46.967
31.414
39.44
34.703
42.247
30.52
41.515
34.736
38.28
42.335
48.519
40.093
43.656
45.144
34.12
30.248
38.882
47.13
43.201
52.98
41.278
43.959
-12.809
-15.22
-22.255
-22.316
-18.209
-20.147
-23.496
-26.17
-24.934
-27.607
-18.658
-27.725
-26.919
-13.243
-10.369
-9.7956
-24.718
-28.682
-15.101
-29.109
-20.965
-16.405
-19.898
-28.941
-23.8
-17.017
-21.006
-22.102
-24.761
-21.978
-15.858
-23.001
-15.539
-20.06
-20.884
-26.177
-27.958
-25.04
-23.947
-19.226
-16.915
-25.635
-31.578
-29.647
-14.527
-28.08
-32.27
-25.765
-24.573
-25.343
-36.8
-30.411
-26.043
-35.694
-17.516
-32.379
-28.701
-29.149
-20.697
-22.904
-26.323
-28.236
-25.601
-19.327
-24.277
-28.856
-20.516
-28.43
-28.827
-26.405
-13.232
-13.288
-25.98
-21.933
-26.581
-26.686
-28.327
-33.91
-35.721
-32.627
-24.05
-19.078
-24.301
-36.011
-28.784
-35.337
-20.244
-28.915
-33.319
-23.792
-27.04
-22.018
-24.448
-31.381
-30.504
-33.347
-23.023
-20.828
-33.071
-28.278
-32.401
-34.572
-30.644
-21.831
-17.127
-22.847
-30.169
-30.996
-28.047
-30.533
-22.414
-32.777
-25.203
-38.466
-29.977
-20.337
-30.857
-29.581
-30.581
-35.57
-24.989
-29.416
-30.865
-19.725
-37.583
-23.653
-20.31
-29.572
-33.201
-20.245
-33.633
-27.603
-33.785
-19.653
-27.966
-25.96
-30.424
-20.357
-26.746
-28.76
-28.39
-31.664
-27.677
-30.687
-28.307
-12.276
-31.72
-32.835
-24.529
-31.659
-30.932
-41.794
-25.902
-35.796
-26.975
-26.168
-25.378
-30.373
-33.904
-26.825
-23.485
-35.398
-38.27
-34.8
-32.961
-21.053
-43.666
-30.394
-30.873
-32.152
-33.044
-34.321
-22.818
-27.037
-33.395
-32.724
-32.744
-25.638
-29.645
-28.099
-32.499
-34.091
-23.468
-30.379
-24.148
-27.067
-33.27
-22.705
-28.459
-25.544
-33.726
-30.01
-27.666
-28.358
-29.746
-34.021
-25.244
-32.647
-32.607
-31.154
-24.867
-25.585
-32.027
-28.531
23.439
20.691
24.698
30.932
27.772
27.029
36.153
20.549
24.581
23.442
20.84
34.403
35.466
26.31
19.549
36.148
25.122
34.76
35.165
29.661
20.792
30.471
32.945
39.786
29.354
30.672
35.465
31.439
35.05
39.531
32.425
38.049
34.211
31.886
35.722
30.728
38.138
32.914
36.44
23.592
38.63
29.675
30.234
36.556
41.681
41.498
35.628
42.227
47.673
33.19
35.959
31.42
35.005
33.462
32.976
46.372
43.929
33.874
38.793
46.675
41.48
46.928
32.257
42.693
43.963
37.484
49.625
44.476
31.234
35.548
49.213
43.489
49.776
43.511
46.635
37.706
42.343
43.786
51.538
43.866
47.172
47.037
44.087
53.538
55.233
50.039
51.858
53.006
43.382
56.509
40.651
46.004
48.569
53.939
54.063
49.905
46.639
56.614
51.015
57.787
57.807
61.981
50.676
52.789
59.026
52.075
54.847
58.313
57.807
63.644
56.8
63.454
58.439
57.141
70.937
62.668
62.913
61.191
62.857
70.803
62.483
62.206
65.299
59.977
70.181
65.894
81.169
74.662
66.033
81.982
72.669
70.013
70.139
75.296
74.986
80.55
77.188
78.224
72.041
74.911
77.504
88.764
72.359
76.825
80.792
82.358
82.601
78.376
98.652
92.103
77.778
88.012
98.526
92.894
92.979
94.773
92.34
88.982
98.616
107.42
89.329
99.048
101.4
104.47
100.93
104.84
112.95
104.04
97.284
96.642
102.34
110.64
111.67
113.4
108.54
103.38
117.88
114.83
112.39
120.55
120.28
115.33
122.21
121.83
121.59
112.02
118.84
122.15
132.01
128.08
129.86
126.27
124.85
135.52
137.09
131.7
132.35
133.75
137.69
145.12
142.8
136.07
144.67
151.13
-56.789
-55.397
-52.246
-60.097
-58.956
-58.964
-57.961
-58.585
-57.503
-51.928
-64.101
-61.723
-60.622
-59.603
-61.836
-64.836
-58.403
-60.052
-57.288
-59.622
-55.82
-61.62
-63.291
-57.199
-51.069
-61.931
-57.348
-52.877
-58.454
-52.416
-57.592
-49.593
-67.711
-63.282
-57.928
-53.94
-51.405
-51.044
-49.807
-49.301
-51.909
-54.347
-59.939
-52.205
-52.176
-64.019
-55.891
-53.806
-53.279
-60.806
-57.631
-52.307
-53.712
-56.406
-55.622
-54.89
-64.003
-52.943
-47.977
-64.926
-53.996
-54.437
-50.501
-57.093
-55.461
-51.975
-54.24
-48.273
-47.031
-55.678
-51.144
-55.997
-47.101
-62.511
-56.678
-37.774
-50.008
-48.805
-48.222
-54.034
-54.487
-51.231
-50.73
-52.872
-61.91
-47.262
-54.881
-47.08
-51.936
-51.746
-54.413
-59.457
-53.409
-46.557
-60.243
-46.931
-50.055
-53.328
-47.691
-54.212
-55.008
-51.394
-47.824
-49.072
-47.958
-41.089
-43.862
-39.94
-36.204
-57.727
-52.736
-49.222
-41.455
-44.744
-40.714
-45.886
-52.156
-50.176
-49.355
-50.748
-49.46
-47.984
-52.906
-42.23
-45.48
-48.698
-48.926
-48.166
-45.874
-43.197
-46.81
-48.206
-49.498
-48.73
-43.31
-40.243
-39.537
-48.874
-52.836
-38.66
-44.954
-38.848
-41.266
-39.211
-43.072
-47.436
-62.235
-47.332
-44.397
-50.706
-46.546
-46.205
-41.059
-43.557
-31.837
-38.685
-45.829
-45.907
-39.449
-41.899
-38.299
-38.29
-45.988
-39.43
-38.345
-47.112
-41.436
-41.337
-55.63
-43.425
-35.605
-48.911
-40.194
-41.36
-42.402
-47.623
-38.213
-36.02
-33.593
-40.584
-34.482
-35.913
-39.487
-33.693
-34.651
-38.59
-49.441
-29.109
-32.45
-33.4
-39.212
-38.897
-31.233
-28.955
-35.405
-30.9
-28.017
-30.429
-31.158
-43.217
-27.957
-38.221
-33.901
-36.072
25.262
17.088
20.784
24.975
29.228
31.241
20.829
25.818
30.232
24.318
28.205
19.558
21.736
30.307
14.511
22.201
24.447
14.023
28.942
24.969
28.19
22.367
28.217
23.499
18.116
18.764
27.565
26.32
23.488
22.764
21.81
19.461
29.562
25.901
15.426
14.33
26.853
22.37
20.118
24.536
12.306
20.585
24.718
11.01
22.029
20.539
14.424
14.652
30.037
15.531
24.213
24.348
28.373
16.152
16.218
10.388
13.769
17.586
21.937
22.652
16.907
16.973
12.724
23.528
22.961
20.527
24.667
19.989
29.518
20.768
26.526
24.914
33.229
5.5767
13.278
26.309
26.806
16.912
1.1474
16.08
24.855
16.71
26.066
23.498
12.993
9.4148
22.023
22.713
15.273
7.4394
19.34
20.305
15.196
13.621
10.301
31.583
24.385
16.665
16.008
9.3036
13.328
10.86
8.9854
19.429
18.933
13.909
73.052
73.576
72.416
76.756
80.365
74.883
76.749
74.428
76.232
75.238
83.348
74.36
75.39
75.908
72.842
69.599
65.804
69.908
76.7
77.721
72.935
75.044
89.073
79.878
67.897
84.166
86.581
70.007
75.704
73.757
65.863
72.979
77.26
73.026
73.517
76.791
76.577
70.681
79.459
82.399
79.073
74.746
77.411
68.817
85.218
72.838
75.461
69.104
82.195
78.621
71.87
22.536
5.2092
19.31
11.421
16.01
14.125
7.5963
12.015
11.114
4.7617
1.8446
11.128
5.0827
11.977
6.5606
7.6275
10.664
13.576
0.21422
5.4587
9.9554
17.008
14.224
9.004
8.9269
7.5193
11.585
7.3519
2.5041
4.73
6.8743
-6.2309
0.30439
4.4937
7.7901
0.25909
-0.57537
14.628
3.501
-3.3875
14.192
6.6141
8.5009
6.5362
5.7894
8.3889
1.4369
11.038
2.9965
-0.10373
6.5024